 e_r(           1 ) =   -1856.762     ;
 e_i(           1 ) =    514.0197     ;
 e_r(           2 ) =   -1856.762     ;
 e_i(           2 ) =   -514.0197     ;
 e_r(           3 ) =   -1878.357     ;
 e_i(           3 ) =    479.0348     ;
 e_r(           4 ) =   -1878.357     ;
 e_i(           4 ) =   -479.0348     ;
 e_r(           5 ) =   -1986.249     ;
 e_i(           5 ) =    157.5324     ;
 e_r(           6 ) =   -1986.249     ;
 e_i(           6 ) =   -157.5324     ;
 e_r(           7 ) =   -1988.750     ;
 e_i(           7 ) =    198.0268     ;
 e_r(           8 ) =   -1988.750     ;
 e_i(           8 ) =   -198.0268     ;
 e_r(           9 ) =   -2008.415     ;
 e_i(           9 ) =    104.6744     ;
 e_r(          10 ) =   -2008.415     ;
 e_i(          10 ) =   -104.6744     ;
 e_r(          11 ) =   -1998.882     ;
 e_i(          11 ) =    30.44447     ;
 e_r(          12 ) =   -1998.882     ;
 e_i(          12 ) =   -30.44447     ;
 e_r(          13 ) =   -1993.867     ;
 e_i(          13 ) =    93.42604     ;
 e_r(          14 ) =   -1993.867     ;
 e_i(          14 ) =   -93.42604     ;
 e_r(          15 ) =   -1998.859     ;
 e_i(          15 ) =   0.0000000E+00 ;
 e_r(          16 ) =   -1976.694     ;
 e_i(          16 ) =    219.1358     ;
 e_r(          17 ) =   -1976.694     ;
 e_i(          17 ) =   -219.1358     ;
 e_r(          18 ) =   -1967.219     ;
 e_i(          18 ) =    239.7240     ;
 e_r(          19 ) =   -1967.219     ;
 e_i(          19 ) =   -239.7240     ;
 e_r(          20 ) =   -1958.819     ;
 e_i(          20 ) =    280.0382     ;
 e_r(          21 ) =   -1958.819     ;
 e_i(          21 ) =   -280.0382     ;
 e_r(          22 ) =   -1940.562     ;
 e_i(          22 ) =    388.6798     ;
 e_r(          23 ) =   -1940.562     ;
 e_i(          23 ) =   -388.6798     ;
 e_r(          24 ) =   -1938.622     ;
 e_i(          24 ) =    343.0979     ;
 e_r(          25 ) =   -1938.622     ;
 e_i(          25 ) =   -343.0979     ;
 e_r(          26 ) =   -1967.633     ;
 e_i(          26 ) =   0.0000000E+00 ;
 e_r(          27 ) =   -1915.294     ;
 e_i(          27 ) =    400.1958     ;
 e_r(          28 ) =   -1915.294     ;
 e_i(          28 ) =   -400.1958     ;
 e_r(          29 ) =   -1889.277     ;
 e_i(          29 ) =    467.2593     ;
 e_r(          30 ) =   -1889.277     ;
 e_i(          30 ) =   -467.2593     ;
 e_r(          31 ) =   -1923.244     ;
 e_i(          31 ) =    305.2290     ;
 e_r(          32 ) =   -1923.244     ;
 e_i(          32 ) =   -305.2290     ;
 e_r(          33 ) =   -1883.998     ;
 e_i(          33 ) =    455.0671     ;
 e_r(          34 ) =   -1883.998     ;
 e_i(          34 ) =   -455.0671     ;
 e_r(          35 ) =   -1782.996     ;
 e_i(          35 ) =    636.3348     ;
 e_r(          36 ) =   -1782.996     ;
 e_i(          36 ) =   -636.3348     ;
 e_r(          37 ) =   -1823.099     ;
 e_i(          37 ) =    564.9552     ;
 e_r(          38 ) =   -1823.099     ;
 e_i(          38 ) =   -564.9552     ;
 e_r(          39 ) =   -1701.495     ;
 e_i(          39 ) =    712.7821     ;
 e_r(          40 ) =   -1701.495     ;
 e_i(          40 ) =   -712.7821     ;
 e_r(          41 ) =   -1786.395     ;
 e_i(          41 ) =    617.3126     ;
 e_r(          42 ) =   -1786.395     ;
 e_i(          42 ) =   -617.3126     ;
 e_r(          43 ) =   -1593.248     ;
 e_i(          43 ) =    820.5844     ;
 e_r(          44 ) =   -1593.248     ;
 e_i(          44 ) =   -820.5844     ;
 e_r(          45 ) =   -1784.693     ;
 e_i(          45 ) =    588.7675     ;
 e_r(          46 ) =   -1784.693     ;
 e_i(          46 ) =   -588.7675     ;
 e_r(          47 ) =   -1744.096     ;
 e_i(          47 ) =    668.2369     ;
 e_r(          48 ) =   -1744.096     ;
 e_i(          48 ) =   -668.2369     ;
 e_r(          49 ) =   -1748.350     ;
 e_i(          49 ) =    659.9977     ;
 e_r(          50 ) =   -1748.350     ;
 e_i(          50 ) =   -659.9977     ;
 e_r(          51 ) =   -1689.081     ;
 e_i(          51 ) =    719.1796     ;
 e_r(          52 ) =   -1689.081     ;
 e_i(          52 ) =   -719.1796     ;
 e_r(          53 ) =   -1653.839     ;
 e_i(          53 ) =    754.5225     ;
 e_r(          54 ) =   -1653.839     ;
 e_i(          54 ) =   -754.5225     ;
 e_r(          55 ) =   -1605.714     ;
 e_i(          55 ) =    794.5607     ;
 e_r(          56 ) =   -1605.714     ;
 e_i(          56 ) =   -794.5607     ;
 e_r(          57 ) =   -1570.772     ;
 e_i(          57 ) =    823.5767     ;
 e_r(          58 ) =   -1570.772     ;
 e_i(          58 ) =   -823.5767     ;
 e_r(          59 ) =   -1551.283     ;
 e_i(          59 ) =    832.2369     ;
 e_r(          60 ) =   -1551.283     ;
 e_i(          60 ) =   -832.2369     ;
 e_r(          61 ) =   -1499.234     ;
 e_i(          61 ) =    865.4186     ;
 e_r(          62 ) =   -1499.234     ;
 e_i(          62 ) =   -865.4186     ;
 e_r(          63 ) =   -1540.452     ;
 e_i(          63 ) =    817.9369     ;
 e_r(          64 ) =   -1540.452     ;
 e_i(          64 ) =   -817.9369     ;
 e_r(          65 ) =   -1444.495     ;
 e_i(          65 ) =    894.1851     ;
 e_r(          66 ) =   -1444.495     ;
 e_i(          66 ) =   -894.1851     ;
 e_r(          67 ) =   -1440.097     ;
 e_i(          67 ) =    894.5225     ;
 e_r(          68 ) =   -1440.097     ;
 e_i(          68 ) =   -894.5225     ;
 e_r(          69 ) =   -1385.992     ;
 e_i(          69 ) =    920.2233     ;
 e_r(          70 ) =   -1385.992     ;
 e_i(          70 ) =   -920.2233     ;
 e_r(          71 ) =   -1343.325     ;
 e_i(          71 ) =    964.2115     ;
 e_r(          72 ) =   -1343.325     ;
 e_i(          72 ) =   -964.2115     ;
 e_r(          73 ) =   -1354.973     ;
 e_i(          73 ) =    935.2515     ;
 e_r(          74 ) =   -1354.973     ;
 e_i(          74 ) =   -935.2515     ;
 e_r(          75 ) =   -1327.797     ;
 e_i(          75 ) =    943.2472     ;
 e_r(          76 ) =   -1327.797     ;
 e_i(          76 ) =   -943.2472     ;
 e_r(          77 ) =   -1266.820     ;
 e_i(          77 ) =    962.3993     ;
 e_r(          78 ) =   -1266.820     ;
 e_i(          78 ) =   -962.3993     ;
 e_r(          79 ) =   -1249.358     ;
 e_i(          79 ) =    941.3173     ;
 e_r(          80 ) =   -1249.358     ;
 e_i(          80 ) =   -941.3173     ;
 e_r(          81 ) =   -1205.830     ;
 e_i(          81 ) =    977.1473     ;
 e_r(          82 ) =   -1205.830     ;
 e_i(          82 ) =   -977.1473     ;
 e_r(          83 ) =   -1052.756     ;
 e_i(          83 ) =    1022.081     ;
 e_r(          84 ) =   -1052.756     ;
 e_i(          84 ) =   -1022.081     ;
 e_r(          85 ) =   -1150.538     ;
 e_i(          85 ) =    985.9041     ;
 e_r(          86 ) =   -1150.538     ;
 e_i(          86 ) =   -985.9041     ;
 e_r(          87 ) =   -1140.764     ;
 e_i(          87 ) =    987.6726     ;
 e_r(          88 ) =   -1140.764     ;
 e_i(          88 ) =   -987.6726     ;
 e_r(          89 ) =   -1122.090     ;
 e_i(          89 ) =    990.9731     ;
 e_r(          90 ) =   -1122.090     ;
 e_i(          90 ) =   -990.9731     ;
 e_r(          91 ) =   -1077.467     ;
 e_i(          91 ) =    996.0319     ;
 e_r(          92 ) =   -1077.467     ;
 e_i(          92 ) =   -996.0319     ;
 e_r(          93 ) =   -1016.028     ;
 e_i(          93 ) =    998.5234     ;
 e_r(          94 ) =   -1016.028     ;
 e_i(          94 ) =   -998.5234     ;
 e_r(          95 ) =   -951.1957     ;
 e_i(          95 ) =    998.0303     ;
 e_r(          96 ) =   -951.1957     ;
 e_i(          96 ) =   -998.0303     ;
 e_r(          97 ) =   -876.9279     ;
 e_i(          97 ) =    994.2141     ;
 e_r(          98 ) =   -876.9279     ;
 e_i(          98 ) =   -994.2141     ;
 e_r(          99 ) =   -889.7571     ;
 e_i(          99 ) =    993.3015     ;
 e_r(         100 ) =   -889.7571     ;
 e_i(         100 ) =   -993.3015     ;
