 maxevals(           1 ) =   1.4363910E-13 ;
 maxevals(           2 ) =   2.7976033E-14 ;
 maxevals(           3 ) =  -9.4137033E-14 ;
 maxevals(           4 ) =  -9.4137033E-14 ;
 maxevals(           5 ) =   1.1934283E-14 ;
 maxevals(           6 ) =  -2.4279748E-13 ;
 maxevals(           7 ) =   2.0307271E-13 ;
 maxevals(           8 ) =   2.0307271E-13 ;
 maxevals(           9 ) =   1.0381780E-13 ;
 maxevals(          10 ) =  -3.1284142E-14 ;
 maxevals(          11 ) =   9.9190935E-13 ;
 maxevals(          12 ) =   2.4819984E-13 ;
 maxevals(          13 ) =   2.4819984E-13 ;
 maxevals(          14 ) =  -2.0059668E-12 ;
 maxevals(          15 ) =   1.1059466E-12 ;
 maxevals(          16 ) =  -3.3542014E-13 ;
 maxevals(          17 ) =  -4.4026442E-13 ;
 maxevals(          18 ) =   7.2029256E-14 ;
 maxevals(          19 ) =  -1.9163616E-13 ;
 maxevals(          20 ) =   2.4306720E-13 ;
 maxevals(          21 ) =   2.4306720E-13 ;
 maxevals(          22 ) =  -2.1978678E-13 ;
 maxevals(          23 ) =  -2.1978678E-13 ;
 maxevals(          24 ) =  -2.0428104E-13 ;
 maxevals(          25 ) =   6.8627185E-14 ;
 maxevals(          26 ) =  -2.9324573E-13 ;
 maxevals(          27 ) =  -2.9324573E-13 ;
 maxevals(          28 ) =   1.8134066E-14 ;
 maxevals(          29 ) =  -2.2171280E-13 ;
 maxevals(          30 ) =  -6.1805690E-14 ;
 maxevals(          31 ) =   9.1183923E-14 ;
 maxevals(          32 ) =  -4.9737649E-12 ;
 maxevals(          33 ) =  -2.0199191E-13 ;
 maxevals(          34 ) =   1.0820503E-13 ;
 maxevals(          35 ) =  -2.2116035E-12 ;
 maxevals(          36 ) =  -3.4789329E-13 ;
 maxevals(          37 ) =   3.0684911E-13 ;
 maxevals(          38 ) =    1.785664     ;
 maxevals(          39 ) =  -1.2334677E-13 ;
 maxevals(          40 ) =  -7.9097102E-14 ;
 maxevals(          41 ) =  -2.9963562E-12 ;
 maxevals(          42 ) =   8.1018097E-13 ;
 maxevals(          43 ) =   9.2666258E-14 ;
 maxevals(          44 ) =  -6.4848856E-14 ;
 maxevals(          45 ) =   1.5625485E-13 ;
 maxevals(          46 ) =   1.5625485E-13 ;
 maxevals(          47 ) =  -1.3838652E-13 ;
 maxevals(          48 ) =  -2.2009688E-13 ;
 maxevals(          49 ) =   1.7685125E-13 ;
 maxevals(          50 ) =  -3.4737320E-13 ;
 maxevals(          51 ) =  -4.3506455E-14 ;
 maxevals(          52 ) =  -1.5517980E-13 ;
 maxevals(          53 ) =   4.7810372E-14 ;
 maxevals(          54 ) =  -3.3681898E-13 ;
 maxevals(          55 ) =   1.4204789E-13 ;
 maxevals(          56 ) =  -1.1283729E-13 ;
 maxevals(          57 ) =   2.5907705E-13 ;
 maxevals(          58 ) =   1.8374191E-13 ;
 maxevals(          59 ) =  -3.6281904E-13 ;
 maxevals(          60 ) =  -6.1203001E-13 ;
 maxevals(          61 ) =   1.3677563E-13 ;
 maxevals(          62 ) =   2.7388497E-13 ;
 maxevals(          63 ) =  -5.0750761E-13 ;
 maxevals(          64 ) =   9.7040800E-13 ;
 maxevals(          65 ) =   4.6329482E-13 ;
 maxevals(          66 ) =   2.5723054E-13 ;
 maxevals(          67 ) =   6.8039954E-14 ;
 maxevals(          68 ) =  -6.0355513E-13 ;
 maxevals(          69 ) =  -5.2742023E-13 ;
 maxevals(          70 ) =  -5.2742023E-13 ;
 maxevals(          71 ) =  -5.2742023E-13 ;
 maxevals(          72 ) =  -4.5180124E-14 ;
 maxevals(          73 ) =   1.0085736E-13 ;
 maxevals(          74 ) =  -5.3699249E-13 ;
 maxevals(          75 ) =  -2.5749940E-13 ;
 maxevals(          76 ) =  -1.8338156E-13 ;
 maxevals(          77 ) =   6.6345692E-14 ;
 maxevals(          78 ) =  -7.4926264E-14 ;
 maxevals(          79 ) =  -7.4926264E-14 ;
 maxevals(          80 ) =  -7.4926264E-14 ;
 maxevals(          81 ) =   6.0439604E-13 ;
 maxevals(          82 ) =   5.4762136E-13 ;
 maxevals(          83 ) =   3.9265189E-13 ;
 maxevals(          84 ) =  -9.3394646E-14 ;
 maxevals(          85 ) =  -2.6201263E-13 ;
 maxevals(          86 ) =  -3.4249600E-13 ;
 maxevals(          87 ) =   1.1662461E-13 ;
 maxevals(          88 ) =   1.6924313E-14 ;
 maxevals(          89 ) =   2.5362552E-13 ;
 maxevals(          90 ) =  -9.4907989E-14 ;
 maxevals(          91 ) =  -9.4907989E-14 ;
 maxevals(          92 ) =  -9.4907989E-14 ;
 maxevals(          93 ) =   5.4126614E-13 ;
 maxevals(          94 ) =   2.4952130E-13 ;
 maxevals(          95 ) =   2.5010026E-13 ;
 maxevals(          96 ) =   2.9872006E-13 ;
 maxevals(          97 ) =   0.3187189     ;
 maxevals(          98 ) =  -2.1787209E-13 ;
 maxevals(          99 ) =  -5.2123751E-13 ;
 maxevals(         100 ) =  -2.6489810E-13 ;
 maxevals(         101 ) =   1.5828437E-12 ;
 maxevals(         102 ) =  -3.7635631E-13 ;
 maxevals(         103 ) =  -7.6162975E-13 ;
 maxevals(         104 ) =   9.4249597E-13 ;
 maxevals(         105 ) =   4.2973055E-13 ;
 maxevals(         106 ) =   1.6393660E-13 ;
 maxevals(         107 ) =  -4.9411587E-13 ;
 maxevals(         108 ) =  -4.9411587E-13 ;
 maxevals(         109 ) =   2.2362521E-13 ;
 maxevals(         110 ) =   3.9870575E-13 ;
 maxevals(         111 ) =  -1.5354540E-13 ;
 maxevals(         112 ) =  -1.0295107E-12 ;
 maxevals(         113 ) =  -3.2098594E-13 ;
 maxevals(         114 ) =  -3.2098594E-13 ;
 maxevals(         115 ) =  -8.0528336E-13 ;
 maxevals(         116 ) =  -8.0528336E-13 ;
 maxevals(         117 ) =   1.8911369E-13 ;
 maxevals(         118 ) =  -9.4386609E-14 ;
 maxevals(         119 ) =  -9.8763723E-14 ;
 maxevals(         120 ) =  -9.8763723E-14 ;
 maxevals(         121 ) =   3.1259195E-14 ;
 maxevals(         122 ) =  -6.8726085E-13 ;
 maxevals(         123 ) =  -4.2692304E-13 ;
 maxevals(         124 ) =  -1.6518311E-12 ;
 maxevals(         125 ) =   4.0130192E-14 ;
 maxevals(         126 ) =   1.1468002E-13 ;
 maxevals(         127 ) =   1.1468002E-13 ;
 maxevals(         128 ) =   3.6387240E-13 ;
 maxevals(         129 ) =  -3.6162889E-13 ;
 maxevals(         130 ) =  -3.6162889E-13 ;
 maxevals(         131 ) =   1.9611097E-12 ;
 maxevals(         132 ) =   2.2543092E-12 ;
 maxevals(         133 ) =   5.8595320E-14 ;
 maxevals(         134 ) =  -1.4645900E-13 ;
 maxevals(         135 ) =  -9.4514555E-13 ;
 maxevals(         136 ) =  -6.9123516E-13 ;
 maxevals(         137 ) =   6.0830267E-14 ;
 maxevals(         138 ) =  -4.4937925E-13 ;
 maxevals(         139 ) =   6.7804887E-13 ;
 maxevals(         140 ) =  -2.9348141E-13 ;
 maxevals(         141 ) =  -3.8816240E-13 ;
 maxevals(         142 ) =  -6.6233829E-14 ;
 maxevals(         143 ) =   6.8349894E-13 ;
 maxevals(         144 ) =  -6.8051944E-15 ;
 maxevals(         145 ) =   8.4430713E-14 ;
 maxevals(         146 ) =  -4.2483663E-13 ;
 maxevals(         147 ) =   1.1442461E-13 ;
 maxevals(         148 ) =  -9.3628167E-15 ;
 maxevals(         149 ) =  -3.2386084E-13 ;
 maxevals(         150 ) =  -8.4523832E-13 ;
 maxevals(         151 ) =  -1.1644770E-12 ;
 maxevals(         152 ) =  -3.8993792E-13 ;
 maxevals(         153 ) =  -4.8483261E-13 ;
 maxevals(         154 ) =  -2.5134856E-13 ;
 maxevals(         155 ) =  -2.5134856E-13 ;
 maxevals(         156 ) =  -2.5174668E-13 ;
 maxevals(         157 ) =   3.9562226E-13 ;
 maxevals(         158 ) =  -1.7891146E-13 ;
 maxevals(         159 ) =  -1.9346485E-13 ;
 maxevals(         160 ) =  -5.8904617E-13 ;
 maxevals(         161 ) =  -1.1198765E-13 ;
 maxevals(         162 ) =   1.9954458E-13 ;
 maxevals(         163 ) =  -4.9873934E-13 ;
 maxevals(         164 ) =  -4.9624235E-14 ;
 maxevals(         165 ) =  -3.5404673E-13 ;
 maxevals(         166 ) =   7.8799472E-13 ;
 maxevals(         167 ) =  -3.1716644E-14 ;
 maxevals(         168 ) =   2.7178346E-13 ;
 maxevals(         169 ) =  -5.7113922E-13 ;
 maxevals(         170 ) =  -6.8650565E-13 ;
 maxevals(         171 ) =   3.9113724E-13 ;
 maxevals(         172 ) =   6.0714433E-13 ;
 maxevals(         173 ) =  -4.0488671E-13 ;
 maxevals(         174 ) =   7.7425761E-13 ;
 maxevals(         175 ) =   7.7425761E-13 ;
 maxevals(         176 ) =   7.7425761E-13 ;
 maxevals(         177 ) =   2.1186132E-13 ;
