 evec(           1 ,           1 ) =   2.2008834E-02 ;
 evec(           1 ,           2 ) =  -3.9519861E-02 ;
 evec(           1 ,           3 ) =  -3.6969859E-02 ;
 evec(           1 ,           4 ) =   1.8116334E-03 ;
 evec(           1 ,           5 ) =  -3.5099760E-02 ;
 evec(           1 ,           6 ) =  -4.4310901E-02 ;
 evec(           1 ,           7 ) =   1.2074386E-03 ;
 evec(           1 ,           8 ) =  -0.1171671     ;
 evec(           1 ,           9 ) =  -3.6447152E-02 ;
 evec(           1 ,          10 ) =   8.9981109E-02 ;
 evec(           2 ,           1 ) =  -4.0882178E-02 ;
 evec(           2 ,           2 ) =   6.1109052E-03 ;
 evec(           2 ,           3 ) =  -3.0606007E-04 ;
 evec(           2 ,           4 ) =   0.1116483     ;
 evec(           2 ,           5 ) =  -0.1112145     ;
 evec(           2 ,           6 ) =   3.8416369E-03 ;
 evec(           2 ,           7 ) =  -3.5841517E-02 ;
 evec(           2 ,           8 ) =   2.8375811E-03 ;
 evec(           2 ,           9 ) =   8.6622179E-02 ;
 evec(           2 ,          10 ) =   9.3647577E-03 ;
 evec(           3 ,           1 ) =  -3.9095365E-02 ;
 evec(           3 ,           2 ) =   5.9754150E-03 ;
 evec(           3 ,           3 ) =   5.8429288E-03 ;
 evec(           3 ,           4 ) =   8.2184635E-03 ;
 evec(           3 ,           5 ) =   2.3287526E-04 ;
 evec(           3 ,           6 ) =  -4.6133220E-02 ;
 evec(           3 ,           7 ) =   0.1050220     ;
 evec(           3 ,           8 ) =   5.3075929E-03 ;
 evec(           3 ,           9 ) =  -0.1062842     ;
 evec(           3 ,          10 ) =   8.5982159E-02 ;
 evec(           4 ,           1 ) =   4.4400818E-03 ;
 evec(           4 ,           2 ) =   8.4048146E-03 ;
 evec(           4 ,           3 ) =  -3.5172291E-02 ;
 evec(           4 ,           4 ) =   0.1387842     ;
 evec(           4 ,           5 ) =   4.1302261E-03 ;
 evec(           4 ,           6 ) =  -0.1258240     ;
 evec(           4 ,           7 ) =   8.2486682E-02 ;
 evec(           4 ,           8 ) =   8.0274665E-05 ;
 evec(           4 ,           9 ) =   7.8096013E-03 ;
 evec(           4 ,          10 ) =   4.4549685E-03 ;
 evec(           5 ,           1 ) =  -3.5645172E-02 ;
 evec(           5 ,           2 ) =   2.3815568E-04 ;
 evec(           5 ,           3 ) =   4.3813307E-03 ;
 evec(           5 ,           4 ) =  -3.4182750E-02 ;
 evec(           5 ,           5 ) =   4.2665899E-03 ;
 evec(           5 ,           6 ) =   9.5053419E-02 ;
 evec(           5 ,           7 ) =   9.9040288E-03 ;
 evec(           5 ,           8 ) =   7.8096263E-02 ;
 evec(           5 ,           9 ) =   1.2925265E-03 ;
 evec(           5 ,          10 ) =  -0.1695606     ;
 evec(           6 ,           1 ) =  -4.5757737E-02 ;
 evec(           6 ,           2 ) =  -4.7179274E-02 ;
 evec(           6 ,           3 ) =   9.8642252E-02 ;
 evec(           6 ,           4 ) =   0.1225747     ;
 evec(           6 ,           5 ) =   7.5636073E-03 ;
 evec(           6 ,           6 ) =   8.0239065E-03 ;
 evec(           6 ,           7 ) =  -0.1023875     ;
 evec(           6 ,           8 ) =  -0.1001830     ;
 evec(           6 ,           9 ) =   0.1503045     ;
 evec(           6 ,          10 ) =  -5.5443193E-04 ;
 evec(           7 ,           1 ) =   2.4861435E-03 ;
 evec(           7 ,           2 ) =   0.1086272     ;
 evec(           7 ,           3 ) =   8.2672518E-03 ;
 evec(           7 ,           4 ) =   0.1357071     ;
 evec(           7 ,           5 ) =  -3.3424851E-02 ;
 evec(           7 ,           6 ) =   0.1198570     ;
 evec(           7 ,           7 ) =   0.1315403     ;
 evec(           7 ,           8 ) =   7.3408200E-03 ;
 evec(           7 ,           9 ) =   5.4187980E-03 ;
 evec(           7 ,          10 ) =   9.3367267E-03 ;
 evec(           8 ,           1 ) =  -0.1198385     ;
 evec(           8 ,           2 ) =   5.3953184E-03 ;
 evec(           8 ,           3 ) =   7.8878939E-02 ;
 evec(           8 ,           4 ) =   8.6601749E-03 ;
 evec(           8 ,           5 ) =   6.1139843E-04 ;
 evec(           8 ,           6 ) =   3.6440946E-03 ;
 evec(           8 ,           7 ) =   9.0665938E-03 ;
 evec(           8 ,           8 ) =   9.7193206E-03 ;
 evec(           8 ,           9 ) =   5.7950085E-03 ;
 evec(           8 ,          10 ) =  -0.1437647     ;
 evec(           9 ,           1 ) =  -3.6440864E-02 ;
 evec(           9 ,           2 ) =  -0.1095452     ;
 evec(           9 ,           3 ) =   2.7368567E-03 ;
 evec(           9 ,           4 ) =   4.0326966E-03 ;
 evec(           9 ,           5 ) =   3.4545574E-03 ;
 evec(           9 ,           6 ) =   7.3276954E-03 ;
 evec(           9 ,           7 ) =  -3.2608014E-02 ;
 evec(           9 ,           8 ) =   6.7621085E-04 ;
 evec(           9 ,           9 ) =   5.0080116E-03 ;
 evec(           9 ,          10 ) =   6.9978870E-02 ;
 evec(          10 ,           1 ) =   9.2547767E-02 ;
 evec(          10 ,           2 ) =   8.7889262E-02 ;
 evec(          10 ,           3 ) =  -0.1734821     ;
 evec(          10 ,           4 ) =   8.1033884E-03 ;
 evec(          10 ,           5 ) =   7.3092550E-02 ;
 evec(          10 ,           6 ) =   9.2382748E-03 ;
 evec(          10 ,           7 ) =  -1.8017419E-04 ;
 evec(          10 ,           8 ) =   1.9854470E-03 ;
 evec(          10 ,           9 ) =  -0.1604144     ;
 evec(          10 ,          10 ) =   1.0306867E-03 ;
 evec(          11 ,           1 ) =  -4.2437926E-02 ;
 evec(          11 ,           2 ) =   4.5833904E-03 ;
 evec(          11 ,           3 ) =  -4.6418998E-02 ;
 evec(          11 ,           4 ) =  -0.1229674     ;
 evec(          11 ,           5 ) =   9.4607867E-02 ;
 evec(          11 ,           6 ) =   7.3483661E-03 ;
 evec(          11 ,           7 ) =   0.1157393     ;
 evec(          11 ,           8 ) =   4.8637758E-03 ;
 evec(          11 ,           9 ) =   5.5293613E-03 ;
 evec(          11 ,          10 ) =   9.0150805E-03 ;
 evec(          12 ,           1 ) =   6.7290445E-03 ;
 evec(          12 ,           2 ) =   8.5510891E-03 ;
 evec(          12 ,           3 ) =  -4.7170639E-02 ;
 evec(          12 ,           4 ) =   3.2902563E-03 ;
 evec(          12 ,           5 ) =   9.1090582E-02 ;
 evec(          12 ,           6 ) =   8.3578927E-03 ;
 evec(          12 ,           7 ) =   0.1454513     ;
 evec(          12 ,           8 ) =  -0.1307482     ;
 evec(          12 ,           9 ) =   2.6784212E-05 ;
 evec(          12 ,          10 ) =   2.0046181E-03 ;
 evec(          13 ,           1 ) =   1.4438969E-04 ;
 evec(          13 ,           2 ) =  -3.6343280E-02 ;
 evec(          13 ,           3 ) =   0.1009402     ;
 evec(          13 ,           4 ) =   8.0618188E-02 ;
 evec(          13 ,           5 ) =  -0.1779414     ;
 evec(          13 ,           6 ) =  -4.6759143E-02 ;
 evec(          13 ,           7 ) =   0.1300062     ;
 evec(          13 ,           8 ) =   7.5021307E-03 ;
 evec(          13 ,           9 ) =  -3.1978063E-02 ;
 evec(          13 ,          10 ) =   1.3115194E-03 ;
 evec(          14 ,           1 ) =   0.1142627     ;
 evec(          14 ,           2 ) =   0.1417848     ;
 evec(          14 ,           3 ) =   0.1271237     ;
 evec(          14 ,           4 ) =   6.3045765E-03 ;
 evec(          14 ,           5 ) =   7.0147319E-03 ;
 evec(          14 ,           6 ) =   5.4588197E-03 ;
 evec(          14 ,           7 ) =   6.4475304E-03 ;
 evec(          14 ,           8 ) =   2.6741703E-03 ;
 evec(          14 ,           9 ) =   1.0084907E-02 ;
 evec(          14 ,          10 ) =  -0.1497702     ;
 evec(          15 ,           1 ) =  -0.1134157     ;
 evec(          15 ,           2 ) =   5.4771877E-03 ;
 evec(          15 ,           3 ) =   7.3583717E-03 ;
 evec(          15 ,           4 ) =   9.3656272E-04 ;
 evec(          15 ,           5 ) =   7.5668164E-02 ;
