 maxevals(           1 ) =  -1.6965476E-12 ;
 maxevals(           2 ) =   0.0000000E+00 ;
 maxevals(           3 ) =   1.2013473E-12 ;
 maxevals(           4 ) =    1.023176     ;
 maxevals(           5 ) =   3.2455763E-13 ;
 maxevals(           6 ) =  -6.0362267E-13 ;
 maxevals(           7 ) =   1.6296516E-12 ;
 maxevals(           8 ) =   7.4873850E-14 ;
 maxevals(           9 ) =   2.6698726E-12 ;
 maxevals(          10 ) =   2.6698726E-12 ;
 maxevals(          11 ) =   7.4086196E-13 ;
 maxevals(          12 ) =  -5.1263911E-12 ;
 maxevals(          13 ) =  -2.5505251E-12 ;
 maxevals(          14 ) =   6.9763211E-13 ;
 maxevals(          15 ) =  -2.0726094E-12 ;
 maxevals(          16 ) =  -2.0726094E-12 ;
 maxevals(          17 ) =  -2.0726094E-12 ;
 maxevals(          18 ) =  -2.0726094E-12 ;
 maxevals(          19 ) =  -2.0726094E-12 ;
 maxevals(          20 ) =  -6.1891817E-14 ;
 maxevals(          21 ) =  -6.1891817E-14 ;
 maxevals(          22 ) =  -4.7437222E-13 ;
 maxevals(          23 ) =  -4.7437222E-13 ;
 maxevals(          24 ) =  -4.7437222E-13 ;
 maxevals(          25 ) =  -3.6386189E-12 ;
 maxevals(          26 ) =  -3.6386189E-12 ;
 maxevals(          27 ) =  -3.6386189E-12 ;
 maxevals(          28 ) =   1.2917765E-12 ;
 maxevals(          29 ) =   1.2917765E-12 ;
 maxevals(          30 ) =   1.2917765E-12 ;
 maxevals(          31 ) =   1.2917765E-12 ;
 maxevals(          32 ) =   3.2579412E-12 ;
 maxevals(          33 ) =   3.2579412E-12 ;
 maxevals(          34 ) =   3.2579412E-12 ;
 maxevals(          35 ) =   3.2579412E-12 ;
 maxevals(          36 ) =   3.2579412E-12 ;
 maxevals(          37 ) =   1.1265435E-12 ;
 maxevals(          38 ) =   1.1265435E-12 ;
 maxevals(          39 ) =  -2.0034493E-12 ;
 maxevals(          40 ) =  -2.0034493E-12 ;
 maxevals(          41 ) =  -2.0034493E-12 ;
 maxevals(          42 ) =  -2.0034493E-12 ;
 maxevals(          43 ) =   6.7959537E-15 ;
 maxevals(          44 ) =   6.7959537E-15 ;
 maxevals(          45 ) =  -4.8324132E-13 ;
 maxevals(          46 ) =  -1.5818111E-13 ;
 maxevals(          47 ) =  -1.5818111E-13 ;
 maxevals(          48 ) =   2.1806157E-13 ;
 maxevals(          49 ) =   2.1806157E-13 ;
 maxevals(          50 ) =   2.1806157E-13 ;
 maxevals(          51 ) =   2.1806157E-13 ;
 maxevals(          52 ) =   2.1806157E-13 ;
 maxevals(          53 ) =   2.1806157E-13 ;
 maxevals(          54 ) =   2.1806157E-13 ;
 maxevals(          55 ) =   2.1806157E-13 ;
 maxevals(          56 ) =   2.1806157E-13 ;
 maxevals(          57 ) =   6.4229703E-13 ;
 maxevals(          58 ) =   6.4229703E-13 ;
 maxevals(          59 ) =   6.4229703E-13 ;
 maxevals(          60 ) =   6.4229703E-13 ;
 maxevals(          61 ) =   6.4229703E-13 ;
 maxevals(          62 ) =   6.4229703E-13 ;
 maxevals(          63 ) =   6.4229703E-13 ;
 maxevals(          64 ) =   6.4229703E-13 ;
 maxevals(          65 ) =   6.4229703E-13 ;
 maxevals(          66 ) =   6.4229703E-13 ;
 maxevals(          67 ) =   6.4229703E-13 ;
 maxevals(          68 ) =   6.4229703E-13 ;
 maxevals(          69 ) =  -3.8610713E-13 ;
 maxevals(          70 ) =   9.5304548E-13 ;
 maxevals(          71 ) =  -4.6760039E-15 ;
 maxevals(          72 ) =  -1.2246722E-12 ;
 maxevals(          73 ) =  -1.2246722E-12 ;
 maxevals(          74 ) =  -1.2246722E-12 ;
 maxevals(          75 ) =  -1.2246722E-12 ;
 maxevals(          76 ) =   1.8958847E-12 ;
 maxevals(          77 ) =   1.8958847E-12 ;
 maxevals(          78 ) =  -7.1997806E-13 ;
 maxevals(          79 ) =  -1.0221433E-12 ;
 maxevals(          80 ) =  -8.4750024E-13 ;
 maxevals(          81 ) =   1.6077355E-12 ;
 maxevals(          82 ) =   1.6077355E-12 ;
 maxevals(          83 ) =   1.6077355E-12 ;
 maxevals(          84 ) =   1.6077355E-12 ;
 maxevals(          85 ) =   1.6077355E-12 ;
 maxevals(          86 ) =   1.6077355E-12 ;
 maxevals(          87 ) =   1.6077355E-12 ;
 maxevals(          88 ) =   1.6077355E-12 ;
 maxevals(          89 ) =  -2.5671317E-14 ;
 maxevals(          90 ) =  -2.5671317E-14 ;
 maxevals(          91 ) =  -2.5671317E-14 ;
 maxevals(          92 ) =  -2.5671317E-14 ;
 maxevals(          93 ) =   1.5311774E-13 ;
 maxevals(          94 ) =   1.7575641E-12 ;
 maxevals(          95 ) =   1.7575641E-12 ;
 maxevals(          96 ) =   1.7575641E-12 ;
 maxevals(          97 ) =   1.7575641E-12 ;
 maxevals(          98 ) =   5.6136866E-13 ;
 maxevals(          99 ) =   5.6136866E-13 ;
 maxevals(         100 ) =   0.0000000E+00 ;
 maxevals(         101 ) =   0.0000000E+00 ;
 maxevals(         102 ) =   0.0000000E+00 ;
 maxevals(         103 ) =   0.0000000E+00 ;
 maxevals(         104 ) =  -2.9592046E-13 ;
 maxevals(         105 ) =   3.1737823E-13 ;
 maxevals(         106 ) =   3.1737823E-13 ;
 maxevals(         107 ) =  -1.9744586E-12 ;
 maxevals(         108 ) =  -1.9744586E-12 ;
 maxevals(         109 ) =  -1.9744586E-12 ;
 maxevals(         110 ) =  -1.9744586E-12 ;
 maxevals(         111 ) =  -1.9744586E-12 ;
 maxevals(         112 ) =   1.1474488E-13 ;
 maxevals(         113 ) =  -1.0728582E-12 ;
 maxevals(         114 ) =  -1.0728582E-12 ;
 maxevals(         115 ) =  -3.8349122E-14 ;
 maxevals(         116 ) =   9.9750422E-14 ;
 maxevals(         117 ) =   9.9750422E-14 ;
 maxevals(         118 ) =   9.9750422E-14 ;
 maxevals(         119 ) =   9.9750422E-14 ;
 maxevals(         120 ) =   9.9750422E-14 ;
 maxevals(         121 ) =   9.9750422E-14 ;
 maxevals(         122 ) =   9.9750422E-14 ;
 maxevals(         123 ) =   1.6141636E-12 ;
 maxevals(         124 ) =  -4.9250784E-13 ;
 maxevals(         125 ) =  -4.9250784E-13 ;
 maxevals(         126 ) =  -4.9250784E-13 ;
 maxevals(         127 ) =  -4.9250784E-13 ;
 maxevals(         128 ) =  -4.9250784E-13 ;
 maxevals(         129 ) =  -4.9250784E-13 ;
 maxevals(         130 ) =  -4.9250784E-13 ;
 maxevals(         131 ) =  -2.2070807E-14 ;
 maxevals(         132 ) =  -2.9034040E-13 ;
 maxevals(         133 ) =  -7.4573973E-13 ;
 maxevals(         134 ) =  -7.4573973E-13 ;
 maxevals(         135 ) =   1.4258265E-12 ;
 maxevals(         136 ) =   1.4258265E-12 ;
 maxevals(         137 ) =   2.7269314E-13 ;
 maxevals(         138 ) =   2.7269314E-13 ;
 maxevals(         139 ) =   2.7269314E-13 ;
 maxevals(         140 ) =   9.1811433E-13 ;
 maxevals(         141 ) =  -1.1270948E-12 ;
 maxevals(         142 ) =  -2.9054112E-12 ;
 maxevals(         143 ) =  -2.9054112E-12 ;
 maxevals(         144 ) =  -2.9054112E-12 ;
 maxevals(         145 ) =   1.3318225E-12 ;
 maxevals(         146 ) =   1.3318225E-12 ;
 maxevals(         147 ) =   1.3318225E-12 ;
 maxevals(         148 ) =   1.3318225E-12 ;
 maxevals(         149 ) =   1.3318225E-12 ;
 maxevals(         150 ) =  -1.8551939E-12 ;
 maxevals(         151 ) =  -1.8551939E-12 ;
 maxevals(         152 ) =  -1.8551939E-12 ;
 maxevals(         153 ) =  -1.8551939E-12 ;
 maxevals(         154 ) =  -1.8551939E-12 ;
 maxevals(         155 ) =   3.8768337E-12 ;
 maxevals(         156 ) =  -4.7282686E-13 ;
 maxevals(         157 ) =  -4.7282686E-13 ;
 maxevals(         158 ) =  -1.3847497E-14 ;
 maxevals(         159 ) =   8.3808606E-13 ;
 maxevals(         160 ) =   8.3808606E-13 ;
 maxevals(         161 ) =   8.3808606E-13 ;
 maxevals(         162 ) =  -7.5277837E-13 ;
 maxevals(         163 ) =  -7.5277837E-13 ;
 maxevals(         164 ) =  -9.8484263E-13 ;
 maxevals(         165 ) =  -1.5051243E-12 ;
 maxevals(         166 ) =  -1.5051243E-12 ;
 maxevals(         167 ) =  -1.5051243E-12 ;
 maxevals(         168 ) =  -1.8494666E-13 ;
 maxevals(         169 ) =  -1.8494666E-13 ;
 maxevals(         170 ) =  -2.8616077E-13 ;
 maxevals(         171 ) =  -3.3939605E-12 ;
 maxevals(         172 ) =  -3.3939605E-12 ;
 maxevals(         173 ) =  -1.7878479E-12 ;
 maxevals(         174 ) =  -1.7878479E-12 ;
 maxevals(         175 ) =  -1.7878479E-12 ;
 maxevals(         176 ) =  -1.7878479E-12 ;
 maxevals(         177 ) =  -1.7878479E-12 ;
