 e_r(           1 ) =   -1693.244     ;
 e_i(           1 ) =    706.2711     ;
 e_r(           2 ) =   -1693.244     ;
 e_i(           2 ) =   -706.2711     ;
 e_r(           3 ) =   -1695.127     ;
 e_i(           3 ) =    704.3275     ;
 e_r(           4 ) =   -1695.127     ;
 e_i(           4 ) =   -704.3275     ;
 e_r(           5 ) =   -1649.500     ;
 e_i(           5 ) =    746.7655     ;
 e_r(           6 ) =   -1649.500     ;
 e_i(           6 ) =   -746.7655     ;
 e_r(           7 ) =   -1989.073     ;
 e_i(           7 ) =    30.14502     ;
 e_r(           8 ) =   -1989.073     ;
 e_i(           8 ) =   -30.14502     ;
 e_r(           9 ) =   -1988.931     ;
 e_i(           9 ) =    32.66160     ;
 e_r(          10 ) =   -1988.931     ;
 e_i(          10 ) =   -32.66160     ;
 e_r(          11 ) =   -1985.360     ;
 e_i(          11 ) =    92.22560     ;
 e_r(          12 ) =   -1985.360     ;
 e_i(          12 ) =   -92.22560     ;
 e_r(          13 ) =   -1985.025     ;
 e_i(          13 ) =    95.85918     ;
 e_r(          14 ) =   -1985.025     ;
 e_i(          14 ) =   -95.85918     ;
 e_r(          15 ) =   -1977.004     ;
 e_i(          15 ) =    157.6042     ;
 e_r(          16 ) =   -1977.004     ;
 e_i(          16 ) =   -157.6042     ;
 e_r(          17 ) =   -1977.426     ;
 e_i(          17 ) =    155.1475     ;
 e_r(          18 ) =   -1977.426     ;
 e_i(          18 ) =   -155.1475     ;
 e_r(          19 ) =   -1646.708     ;
 e_i(          19 ) =    749.1412     ;
 e_r(          20 ) =   -1646.708     ;
 e_i(          20 ) =   -749.1412     ;
 e_r(          21 ) =   -1736.883     ;
 e_i(          21 ) =    661.0692     ;
 e_r(          22 ) =   -1736.883     ;
 e_i(          22 ) =   -661.0692     ;
 e_r(          23 ) =   -1738.717     ;
 e_i(          23 ) =    659.0316     ;
 e_r(          24 ) =   -1738.717     ;
 e_i(          24 ) =   -659.0316     ;
 e_r(          25 ) =   -1965.969     ;
 e_i(          25 ) =    215.5741     ;
 e_r(          26 ) =   -1965.969     ;
 e_i(          26 ) =   -215.5741     ;
 e_r(          27 ) =   -1964.870     ;
 e_i(          27 ) =    220.5359     ;
 e_r(          28 ) =   -1964.870     ;
 e_i(          28 ) =   -220.5359     ;
 e_r(          29 ) =   -1907.315     ;
 e_i(          29 ) =    395.2458     ;
 e_r(          30 ) =   -1907.315     ;
 e_i(          30 ) =   -395.2458     ;
 e_r(          31 ) =   -1905.980     ;
 e_i(          31 ) =    398.3370     ;
 e_r(          32 ) =   -1905.980     ;
 e_i(          32 ) =   -398.3370     ;
 e_r(          33 ) =   -1777.029     ;
 e_i(          33 ) =    612.7814     ;
 e_r(          34 ) =   -1777.029     ;
 e_i(          34 ) =   -612.7814     ;
 e_r(          35 ) =   -1778.664     ;
 e_i(          35 ) =    610.6927     ;
 e_r(          36 ) =   -1778.664     ;
 e_i(          36 ) =   -610.6927     ;
 e_r(          37 ) =   -1880.449     ;
 e_i(          37 ) =    451.7534     ;
 e_r(          38 ) =   -1880.449     ;
 e_i(          38 ) =   -451.7534     ;
 e_r(          39 ) =   -1930.534     ;
 e_i(          39 ) =    337.3423     ;
 e_r(          40 ) =   -1930.534     ;
 e_i(          40 ) =   -337.3423     ;
 e_r(          41 ) =   -1878.698     ;
 e_i(          41 ) =    455.1351     ;
 e_r(          42 ) =   -1878.698     ;
 e_i(          42 ) =   -455.1351     ;
 e_r(          43 ) =   -1849.677     ;
 e_i(          43 ) =    507.3231     ;
 e_r(          44 ) =   -1849.677     ;
 e_i(          44 ) =   -507.3231     ;
 e_r(          45 ) =   -1848.423     ;
 e_i(          45 ) =    509.3346     ;
 e_r(          46 ) =   -1848.423     ;
 e_i(          46 ) =   -509.3346     ;
 e_r(          47 ) =   -1929.685     ;
 e_i(          47 ) =    339.7305     ;
 e_r(          48 ) =   -1929.685     ;
 e_i(          48 ) =   -339.7305     ;
 e_r(          49 ) =   -1814.204     ;
 e_i(          49 ) =    562.4787     ;
 e_r(          50 ) =   -1814.204     ;
 e_i(          50 ) =   -562.4787     ;
 e_r(          51 ) =   -1949.396     ;
 e_i(          51 ) =    280.4098     ;
 e_r(          52 ) =   -1949.396     ;
 e_i(          52 ) =   -280.4098     ;
 e_r(          53 ) =   -1950.302     ;
 e_i(          53 ) =    277.3855     ;
 e_r(          54 ) =   -1950.302     ;
 e_i(          54 ) =   -277.3855     ;
 e_r(          55 ) =   -1815.976     ;
 e_i(          55 ) =    559.8387     ;
 e_r(          56 ) =   -1815.976     ;
 e_i(          56 ) =   -559.8387     ;
 e_r(          57 ) =   -1598.022     ;
 e_i(          57 ) =    788.6979     ;
 e_r(          58 ) =   -1598.022     ;
 e_i(          58 ) =   -788.6979     ;
 e_r(          59 ) =   -1600.866     ;
 e_i(          59 ) =    786.5768     ;
 e_r(          60 ) =   -1600.866     ;
 e_i(          60 ) =   -786.5768     ;
 e_r(          61 ) =   -1546.724     ;
 e_i(          61 ) =    824.9672     ;
 e_r(          62 ) =   -1546.724     ;
 e_i(          62 ) =   -824.9672     ;
 e_r(          63 ) =   -1549.672     ;
 e_i(          63 ) =    822.9814     ;
 e_r(          64 ) =   -1549.672     ;
 e_i(          64 ) =   -822.9814     ;
 e_r(          65 ) =   -1496.721     ;
 e_i(          65 ) =    855.7292     ;
 e_r(          66 ) =   -1496.721     ;
 e_i(          66 ) =   -855.7292     ;
 e_r(          67 ) =   -1492.667     ;
 e_i(          67 ) =    858.0195     ;
 e_r(          68 ) =   -1492.667     ;
 e_i(          68 ) =   -858.0195     ;
 e_r(          69 ) =   -1441.375     ;
 e_i(          69 ) =    885.8519     ;
 e_r(          70 ) =   -1441.375     ;
 e_i(          70 ) =   -885.8519     ;
 e_r(          71 ) =   -1437.649     ;
 e_i(          71 ) =    887.7406     ;
 e_r(          72 ) =   -1437.649     ;
 e_i(          72 ) =   -887.7406     ;
 e_r(          73 ) =   -1384.185     ;
 e_i(          73 ) =    912.0256     ;
 e_r(          74 ) =   -1384.185     ;
 e_i(          74 ) =   -912.0256     ;
 e_r(          75 ) =   -1380.492     ;
 e_i(          75 ) =    913.5823     ;
 e_r(          76 ) =   -1380.492     ;
 e_i(          76 ) =   -913.5823     ;
 e_r(          77 ) =   -1322.174     ;
 e_i(          77 ) =    935.7881     ;
 e_r(          78 ) =   -1322.174     ;
 e_i(          78 ) =   -935.7881     ;
 e_r(          79 ) =   -1325.283     ;
 e_i(          79 ) =    934.7065     ;
 e_r(          80 ) =   -1325.283     ;
 e_i(          80 ) =   -934.7065     ;
 e_r(          81 ) =   -1262.596     ;
 e_i(          81 ) =    954.3835     ;
 e_r(          82 ) =   -1262.596     ;
 e_i(          82 ) =   -954.3835     ;
 e_r(          83 ) =   -1264.915     ;
 e_i(          83 ) =    953.7136     ;
 e_r(          84 ) =   -1264.915     ;
 e_i(          84 ) =   -953.7136     ;
 e_r(          85 ) =   -1200.783     ;
 e_i(          85 ) =    969.3129     ;
 e_r(          86 ) =   -1200.783     ;
 e_i(          86 ) =   -969.3129     ;
 e_r(          87 ) =   -1204.684     ;
 e_i(          87 ) =    968.5327     ;
 e_r(          88 ) =   -1204.684     ;
 e_i(          88 ) =   -968.5327     ;
 e_r(          89 ) =   -1139.353     ;
 e_i(          89 ) =    979.8232     ;
 e_r(          90 ) =   -1139.353     ;
 e_i(          90 ) =   -979.8232     ;
 e_r(          91 ) =   -1142.341     ;
 e_i(          91 ) =    979.3992     ;
 e_r(          92 ) =   -1142.341     ;
 e_i(          92 ) =   -979.3992     ;
 e_r(          93 ) =   -1079.921     ;
 e_i(          93 ) =    986.2295     ;
 e_r(          94 ) =   -1079.921     ;
 e_i(          94 ) =   -986.2295     ;
 e_r(          95 ) =   -1076.924     ;
 e_i(          95 ) =    986.4899     ;
 e_r(          96 ) =   -1076.924     ;
 e_i(          96 ) =   -986.4899     ;
 e_r(          97 ) =   -1014.982     ;
 e_i(          97 ) =    989.3896     ;
 e_r(          98 ) =   -1014.982     ;
 e_i(          98 ) =   -989.3896     ;
 e_r(          99 ) =   -1016.521     ;
 e_i(          99 ) =    989.6575     ;
 e_r(         100 ) =   -1016.521     ;
 e_i(         100 ) =   -989.6575     ;
