 qtlmlwlim(           1 ,           1 ) =   5.9415179E-13 ;
 qtlmlwlim(           1 ,           2 ) =   6.6829625E-11 ;
 qtlmlwlim(           1 ,           3 ) =   7.9071345E-09 ;
 qtlmlwlim(           1 ,           4 ) =   2.6790937E-07 ;
 qtlmlwlim(           1 ,           5 ) =   1.7348247E-06 ;
 qtlmlwlim(           1 ,           6 ) =   1.7348245E-06 ;
 qtlmlwlim(           1 ,           7 ) =   2.3077362E-07 ;
 qtlmlwlim(           1 ,           8 ) =   6.8844259E-09 ;
 qtlmlwlim(           1 ,           9 ) =   6.1514079E-11 ;
 qtlmlwlim(           1 ,          10 ) =   4.9507371E-13 ;
 qtlmlwlim(           2 ,           1 ) =   8.2777284E-14 ;
 qtlmlwlim(           2 ,           2 ) =   3.2636907E-11 ;
 qtlmlwlim(           2 ,           3 ) =   3.7688497E-09 ;
 qtlmlwlim(           2 ,           4 ) =   1.2713461E-07 ;
 qtlmlwlim(           2 ,           5 ) =   8.2237705E-07 ;
 qtlmlwlim(           2 ,           6 ) =   8.2237705E-07 ;
 qtlmlwlim(           2 ,           7 ) =   1.1011566E-07 ;
 qtlmlwlim(           2 ,           8 ) =   3.3089298E-09 ;
 qtlmlwlim(           2 ,           9 ) =   3.0036040E-11 ;
 qtlmlwlim(           2 ,          10 ) =   5.1004513E-13 ;
 qtlmlwlim(           3 ,           1 ) =  -1.9311713E-13 ;
 qtlmlwlim(           3 ,           2 ) =   1.4868278E-11 ;
 qtlmlwlim(           3 ,           3 ) =   1.6991984E-09 ;
 qtlmlwlim(           3 ,           4 ) =   5.7039792E-08 ;
 qtlmlwlim(           3 ,           5 ) =   3.6836732E-07 ;
 qtlmlwlim(           3 ,           6 ) =   3.6836715E-07 ;
 qtlmlwlim(           3 ,           7 ) =   4.9647461E-08 ;
 qtlmlwlim(           3 ,           8 ) =   1.5030100E-09 ;
 qtlmlwlim(           3 ,           9 ) =   1.3709171E-11 ;
 qtlmlwlim(           3 ,          10 ) =   1.3051619E-13 ;
 qtlmlwlim(           4 ,           1 ) =   3.4364299E-14 ;
 qtlmlwlim(           4 ,           2 ) =   6.1346631E-12 ;
 qtlmlwlim(           4 ,           3 ) =   7.2710749E-10 ;
 qtlmlwlim(           4 ,           4 ) =   2.4289420E-08 ;
 qtlmlwlim(           4 ,           5 ) =   1.5654348E-07 ;
 qtlmlwlim(           4 ,           6 ) =   1.5654369E-07 ;
 qtlmlwlim(           4 ,           7 ) =   2.1235964E-08 ;
 qtlmlwlim(           4 ,           8 ) =   6.4629757E-10 ;
 qtlmlwlim(           4 ,           9 ) =   5.8268750E-12 ;
 qtlmlwlim(           4 ,          10 ) =  -3.1746971E-13 ;
 qtlmlwlim(           5 ,           1 ) =   4.9810839E-13 ;
 qtlmlwlim(           5 ,           2 ) =   2.2236856E-12 ;
 qtlmlwlim(           5 ,           3 ) =   2.9517758E-10 ;
 qtlmlwlim(           5 ,           4 ) =   9.8445234E-09 ;
 qtlmlwlim(           5 ,           5 ) =   6.3317138E-08 ;
 qtlmlwlim(           5 ,           6 ) =   6.3317131E-08 ;
 qtlmlwlim(           5 ,           7 ) =   8.6414813E-09 ;
 qtlmlwlim(           5 ,           8 ) =   2.6254282E-10 ;
 qtlmlwlim(           5 ,           9 ) =   2.3327822E-12 ;
 qtlmlwlim(           5 ,          10 ) =  -1.8982117E-13 ;
 qtlmlwlim(           6 ,           1 ) =   5.8760923E-13 ;
 qtlmlwlim(           6 ,           2 ) =   7.0927059E-13 ;
 qtlmlwlim(           6 ,           3 ) =   1.1288787E-10 ;
 qtlmlwlim(           6 ,           4 ) =   3.8045291E-09 ;
 qtlmlwlim(           6 ,           5 ) =   2.4439673E-08 ;
 qtlmlwlim(           6 ,           6 ) =   2.4439473E-08 ;
 qtlmlwlim(           6 ,           7 ) =   3.3513701E-09 ;
 qtlmlwlim(           6 ,           8 ) =   1.0007010E-10 ;
 qtlmlwlim(           6 ,           9 ) =   9.2146831E-13 ;
 qtlmlwlim(           6 ,          10 ) =   1.5531100E-13 ;
 qtlmlwlim(           7 ,           1 ) =   2.6979517E-14 ;
 qtlmlwlim(           7 ,           2 ) =   2.1595148E-13 ;
 qtlmlwlim(           7 ,           3 ) =   4.0188776E-11 ;
 qtlmlwlim(           7 ,           4 ) =   1.4068529E-09 ;
 qtlmlwlim(           7 ,           5 ) =   9.0475929E-09 ;
 qtlmlwlim(           7 ,           6 ) =   9.0478807E-09 ;
 qtlmlwlim(           7 ,           7 ) =   1.2443556E-09 ;
 qtlmlwlim(           7 ,           8 ) =   3.5491551E-11 ;
 qtlmlwlim(           7 ,           9 ) =   4.0647737E-13 ;
 qtlmlwlim(           7 ,          10 ) =   2.8414857E-13 ;
 qtlmlwlim(           8 ,           1 ) =  -7.7897790E-13 ;
 qtlmlwlim(           8 ,           2 ) =   8.0479541E-14 ;
 qtlmlwlim(           8 ,           3 ) =   1.3265189E-11 ;
 qtlmlwlim(           8 ,           4 ) =   5.0138582E-10 ;
 qtlmlwlim(           8 ,           5 ) =   3.2366720E-09 ;
 qtlmlwlim(           8 ,           6 ) =   3.2372127E-09 ;
 qtlmlwlim(           8 ,           7 ) =   4.4503892E-10 ;
 qtlmlwlim(           8 ,           8 ) =   1.1727439E-11 ;
 qtlmlwlim(           8 ,           9 ) =   1.3841590E-13 ;
 qtlmlwlim(           8 ,          10 ) =   1.7450341E-13 ;
 qtlmlwlim(           9 ,           1 ) =  -1.1759027E-12 ;
 qtlmlwlim(           9 ,           2 ) =  -7.8757184E-14 ;
 qtlmlwlim(           9 ,           3 ) =   3.9483508E-12 ;
 qtlmlwlim(           9 ,           4 ) =   1.6283971E-10 ;
 qtlmlwlim(           9 ,           5 ) =   1.0558592E-09 ;
 qtlmlwlim(           9 ,           6 ) =   1.0554349E-09 ;
 qtlmlwlim(           9 ,           7 ) =   1.4083877E-10 ;
 qtlmlwlim(           9 ,           8 ) =   3.4563520E-12 ;
 qtlmlwlim(           9 ,           9 ) =   1.1792393E-13 ;
 qtlmlwlim(           9 ,          10 ) =   8.7408079E-23 ;
 qtlmlwlim(          10 ,           1 ) =  -7.5702069E-13 ;
 qtlmlwlim(          10 ,           2 ) =   6.2203779E-13 ;
 qtlmlwlim(          10 ,           3 ) =   7.1976659E-13 ;
 qtlmlwlim(          10 ,           4 ) =   2.8404832E-11 ;
 qtlmlwlim(          10 ,           5 ) =   1.8119660E-10 ;
 qtlmlwlim(          10 ,           6 ) =   1.7940278E-10 ;
 qtlmlwlim(          10 ,           7 ) =   1.7657500E-11 ;
 qtlmlwlim(          10 ,           8 ) =   4.2175592E-13 ;
 qtlmlwlim(          10 ,           9 ) =  -5.3580623E-15 ;
 qtlmlwlim(          10 ,          10 ) =  -1.3023444E-12 ;
 qtlmlwlim(          11 ,           1 ) =   4.6889305E-13 ;
 qtlmlwlim(          11 ,           2 ) =  -2.8692641E-13 ;
 qtlmlwlim(          11 ,           3 ) =  -2.9104944E-13 ;
 qtlmlwlim(          11 ,           4 ) =  -1.5958023E-13 ;
 qtlmlwlim(          11 ,           5 ) =   4.6324663E-12 ;
 qtlmlwlim(          11 ,           6 ) =   1.4226458E-13 ;
 qtlmlwlim(          11 ,           7 ) =   1.4226309E-13 ;
 qtlmlwlim(          11 ,           8 ) =   1.4226296E-13 ;
 qtlmlwlim(          11 ,           9 ) =   1.4226296E-13 ;
 qtlmlwlim(          11 ,          10 ) =  -1.0708037E-13 ;
 qtlmlwlim(          12 ,           1 ) =   2.0216272E-12 ;
 qtlmlwlim(          12 ,           2 ) =   1.1558959E-10 ;
 qtlmlwlim(          12 ,           3 ) =   1.9902497E-08 ;
 qtlmlwlim(          12 ,           4 ) =   7.5902790E-07 ;
 qtlmlwlim(          12 ,           5 ) =   5.1374327E-06 ;
 qtlmlwlim(          12 ,           6 ) =   5.1374377E-06 ;
 qtlmlwlim(          12 ,           7 ) =   1.4430694E-06 ;
 qtlmlwlim(          12 ,           8 ) =   3.7539078E-08 ;
 qtlmlwlim(          12 ,           9 ) =   2.4429916E-10 ;
 qtlmlwlim(          12 ,          10 ) =   1.8204511E-12 ;
 qtlmlwlim(          13 ,           1 ) =   3.2375487E-12 ;
 qtlmlwlim(          13 ,           2 ) =   6.0434913E-10 ;
 qtlmlwlim(          13 ,           3 ) =   7.3847438E-08 ;
 qtlmlwlim(          13 ,           4 ) =   2.7081173E-06 ;
 qtlmlwlim(          13 ,           5 ) =   1.7832252E-05 ;
 qtlmlwlim(          13 ,           6 ) =   1.7832253E-05 ;
 qtlmlwlim(          13 ,           7 ) =   3.4098882E-06 ;
 qtlmlwlim(          13 ,           8 ) =   9.4579811E-08 ;
 qtlmlwlim(          13 ,           9 ) =   7.1011136E-10 ;
 qtlmlwlim(          13 ,          10 ) =   3.1298228E-12 ;
 qtlmlwlim(          14 ,           1 ) =   3.8174724E-12 ;
 qtlmlwlim(          14 ,           2 ) =   8.4429191E-10 ;
 qtlmlwlim(          14 ,           3 ) =   1.0694460E-07 ;
