 e_r(           1 ) =   -4009.479     ;
 e_i(           1 ) =   0.0000000E+00 ;
 e_r(           2 ) =   -4000.352     ;
 e_i(           2 ) =   0.0000000E+00 ;
 e_r(           3 ) =   -3968.389     ;
 e_i(           3 ) =    112.6939     ;
 e_r(           4 ) =   -3968.389     ;
 e_i(           4 ) =   -112.6939     ;
 e_r(           5 ) =   -3976.313     ;
 e_i(           5 ) =    176.6112     ;
 e_r(           6 ) =   -3976.313     ;
 e_i(           6 ) =   -176.6112     ;
 e_r(           7 ) =   -4008.665     ;
 e_i(           7 ) =    259.1900     ;
 e_r(           8 ) =   -4008.665     ;
 e_i(           8 ) =   -259.1900     ;
 e_r(           9 ) =   -3994.922     ;
 e_i(           9 ) =    506.6109     ;
 e_r(          10 ) =   -3994.922     ;
 e_i(          10 ) =   -506.6109     ;
 e_r(          11 ) =   -3970.094     ;
 e_i(          11 ) =    308.6472     ;
 e_r(          12 ) =   -3970.094     ;
 e_i(          12 ) =   -308.6472     ;
 e_r(          13 ) =   -3952.153     ;
 e_i(          13 ) =    442.6949     ;
 e_r(          14 ) =   -3952.153     ;
 e_i(          14 ) =   -442.6949     ;
 e_r(          15 ) =   -3940.339     ;
 e_i(          15 ) =    411.9229     ;
 e_r(          16 ) =   -3940.339     ;
 e_i(          16 ) =   -411.9229     ;
 e_r(          17 ) =   -3906.192     ;
 e_i(          17 ) =    570.3986     ;
 e_r(          18 ) =   -3906.192     ;
 e_i(          18 ) =   -570.3986     ;
 e_r(          19 ) =   -3514.304     ;
 e_i(          19 ) =    1366.246     ;
 e_r(          20 ) =   -3514.304     ;
 e_i(          20 ) =   -1366.246     ;
 e_r(          21 ) =   -3583.748     ;
 e_i(          21 ) =    1260.651     ;
 e_r(          22 ) =   -3583.748     ;
 e_i(          22 ) =   -1260.651     ;
 e_r(          23 ) =   -3790.761     ;
 e_i(          23 ) =    916.1953     ;
 e_r(          24 ) =   -3790.761     ;
 e_i(          24 ) =   -916.1953     ;
 e_r(          25 ) =   -3880.961     ;
 e_i(          25 ) =    671.4810     ;
 e_r(          26 ) =   -3880.961     ;
 e_i(          26 ) =   -671.4810     ;
 e_r(          27 ) =   -3881.311     ;
 e_i(          27 ) =    687.3444     ;
 e_r(          28 ) =   -3881.311     ;
 e_i(          28 ) =   -687.3444     ;
 e_r(          29 ) =   -3715.299     ;
 e_i(          29 ) =    1021.949     ;
 e_r(          30 ) =   -3715.299     ;
 e_i(          30 ) =   -1021.949     ;
 e_r(          31 ) =   -3793.016     ;
 e_i(          31 ) =    844.6909     ;
 e_r(          32 ) =   -3793.016     ;
 e_i(          32 ) =   -844.6909     ;
 e_r(          33 ) =   -3847.919     ;
 e_i(          33 ) =    747.4755     ;
 e_r(          34 ) =   -3847.919     ;
 e_i(          34 ) =   -747.4755     ;
 e_r(          35 ) =   -3667.349     ;
 e_i(          35 ) =    1103.517     ;
 e_r(          36 ) =   -3667.349     ;
 e_i(          36 ) =   -1103.517     ;
 e_r(          37 ) =   -3733.809     ;
 e_i(          37 ) =    941.4932     ;
 e_r(          38 ) =   -3733.809     ;
 e_i(          38 ) =   -941.4932     ;
 e_r(          39 ) =   -3631.470     ;
 e_i(          39 ) =    1140.803     ;
 e_r(          40 ) =   -3631.470     ;
 e_i(          40 ) =   -1140.803     ;
 e_r(          41 ) =   -3486.972     ;
 e_i(          41 ) =    1337.591     ;
 e_r(          42 ) =   -3486.972     ;
 e_i(          42 ) =   -1337.591     ;
 e_r(          43 ) =   -3579.026     ;
 e_i(          43 ) =    1198.485     ;
 e_r(          44 ) =   -3579.026     ;
 e_i(          44 ) =   -1198.485     ;
 e_r(          45 ) =   -3381.548     ;
 e_i(          45 ) =    1442.894     ;
 e_r(          46 ) =   -3381.548     ;
 e_i(          46 ) =   -1442.894     ;
 e_r(          47 ) =   -3421.268     ;
 e_i(          47 ) =    1389.953     ;
 e_r(          48 ) =   -3421.268     ;
 e_i(          48 ) =   -1389.953     ;
 e_r(          49 ) =   -3333.542     ;
 e_i(          49 ) =    1506.938     ;
 e_r(          50 ) =   -3333.542     ;
 e_i(          50 ) =   -1506.938     ;
 e_r(          51 ) =   -3211.095     ;
 e_i(          51 ) =    1591.962     ;
 e_r(          52 ) =   -3211.095     ;
 e_i(          52 ) =   -1591.962     ;
 e_r(          53 ) =   -3249.417     ;
 e_i(          53 ) =    1530.535     ;
 e_r(          54 ) =   -3249.417     ;
 e_i(          54 ) =   -1530.535     ;
 e_r(          55 ) =   -3163.873     ;
 e_i(          55 ) =    1610.650     ;
 e_r(          56 ) =   -3163.873     ;
 e_i(          56 ) =   -1610.650     ;
 e_r(          57 ) =   -3085.386     ;
 e_i(          57 ) =    1675.004     ;
 e_r(          58 ) =   -3085.386     ;
 e_i(          58 ) =   -1675.004     ;
 e_r(          59 ) =   -3000.366     ;
 e_i(          59 ) =    1735.876     ;
 e_r(          60 ) =   -3000.366     ;
 e_i(          60 ) =   -1735.876     ;
 e_r(          61 ) =   -3008.139     ;
 e_i(          61 ) =    1706.796     ;
 e_r(          62 ) =   -3008.139     ;
 e_i(          62 ) =   -1706.796     ;
 e_r(          63 ) =   -2909.416     ;
 e_i(          63 ) =    1761.843     ;
 e_r(          64 ) =   -2909.416     ;
 e_i(          64 ) =   -1761.843     ;
 e_r(          65 ) =   -2836.094     ;
 e_i(          65 ) =    1849.500     ;
 e_r(          66 ) =   -2836.094     ;
 e_i(          66 ) =   -1849.500     ;
 e_r(          67 ) =   -2640.555     ;
 e_i(          67 ) =    1927.449     ;
 e_r(          68 ) =   -2640.555     ;
 e_i(          68 ) =   -1927.449     ;
 e_r(          69 ) =   -2782.371     ;
 e_i(          69 ) =    1835.525     ;
 e_r(          70 ) =   -2782.371     ;
 e_i(          70 ) =   -1835.525     ;
 e_r(          71 ) =   -2741.643     ;
 e_i(          71 ) =    1856.373     ;
 e_r(          72 ) =   -2741.643     ;
 e_i(          72 ) =   -1856.373     ;
 e_r(          73 ) =   -2652.836     ;
 e_i(          73 ) =    1901.285     ;
 e_r(          74 ) =   -2652.836     ;
 e_i(          74 ) =   -1901.285     ;
 e_r(          75 ) =   -2532.200     ;
 e_i(          75 ) =    1925.047     ;
 e_r(          76 ) =   -2532.200     ;
 e_i(          76 ) =   -1925.047     ;
 e_r(          77 ) =   -2474.417     ;
 e_i(          77 ) =    1913.133     ;
 e_r(          78 ) =   -2474.417     ;
 e_i(          78 ) =   -1913.133     ;
 e_r(          79 ) =   -2356.964     ;
 e_i(          79 ) =    1980.364     ;
 e_r(          80 ) =   -2356.964     ;
 e_i(          80 ) =   -1980.364     ;
 e_r(          81 ) =   -2380.739     ;
 e_i(          81 ) =    1960.818     ;
 e_r(          82 ) =   -2380.739     ;
 e_i(          82 ) =   -1960.818     ;
 e_r(          83 ) =   -2113.490     ;
 e_i(          83 ) =    2020.620     ;
 e_r(          84 ) =   -2113.490     ;
 e_i(          84 ) =   -2020.620     ;
 e_r(          85 ) =   -2250.871     ;
 e_i(          85 ) =    1962.421     ;
 e_r(          86 ) =   -2250.871     ;
 e_i(          86 ) =   -1962.421     ;
 e_r(          87 ) =   -2184.708     ;
 e_i(          87 ) =    1965.358     ;
 e_r(          88 ) =   -2184.708     ;
 e_i(          88 ) =   -1965.358     ;
 e_r(          89 ) =   -2060.357     ;
 e_i(          89 ) =    1985.689     ;
 e_r(          90 ) =   -2060.357     ;
 e_i(          90 ) =   -1985.689     ;
 e_r(          91 ) =   -1841.934     ;
 e_i(          91 ) =    2036.797     ;
 e_r(          92 ) =   -1841.934     ;
 e_i(          92 ) =   -2036.797     ;
 e_r(          93 ) =   -1951.551     ;
 e_i(          93 ) =    1977.435     ;
 e_r(          94 ) =   -1951.551     ;
 e_i(          94 ) =   -1977.435     ;
 e_r(          95 ) =   -1906.319     ;
 e_i(          95 ) =    1992.335     ;
 e_r(          96 ) =   -1906.319     ;
 e_i(          96 ) =   -1992.335     ;
 e_r(          97 ) =   -2694.669     ;
 e_i(          97 ) =    914.7957     ;
 e_r(          98 ) =   -2694.669     ;
 e_i(          98 ) =   -914.7957     ;
 e_r(          99 ) =   -1777.998     ;
 e_i(          99 ) =    1986.573     ;
 e_r(         100 ) =   -1777.998     ;
 e_i(         100 ) =   -1986.573     ;
