 maxevals(           1 ) =   1.2456874E-15 ;
 maxevals(           2 ) =   1.2456874E-15 ;
 maxevals(           3 ) =   1.2456874E-15 ;
 maxevals(           4 ) =   1.2456874E-15 ;
 maxevals(           5 ) =   1.2456874E-15 ;
 maxevals(           6 ) =   1.2456874E-15 ;
 maxevals(           7 ) =   1.2456874E-15 ;
 maxevals(           8 ) =   1.2456874E-15 ;
 maxevals(           9 ) =   1.2456874E-15 ;
 maxevals(          10 ) =   1.2456874E-15 ;
 maxevals(          11 ) =   1.2456874E-15 ;
 maxevals(          12 ) =   1.2456874E-15 ;
 maxevals(          13 ) =   1.2456874E-15 ;
 maxevals(          14 ) =   1.2456874E-15 ;
 maxevals(          15 ) =   1.2456874E-15 ;
 maxevals(          16 ) =   1.2456874E-15 ;
 maxevals(          17 ) =   1.2456874E-15 ;
 maxevals(          18 ) =   1.2456874E-15 ;
 maxevals(          19 ) =   1.2456874E-15 ;
 maxevals(          20 ) =   1.2456874E-15 ;
 maxevals(          21 ) =   1.2456874E-15 ;
 maxevals(          22 ) =   1.2456874E-15 ;
 maxevals(          23 ) =   1.2456874E-15 ;
 maxevals(          24 ) =   1.2456874E-15 ;
 maxevals(          25 ) =   1.2456874E-15 ;
 maxevals(          26 ) =   1.2456874E-15 ;
 maxevals(          27 ) =   1.2456874E-15 ;
 maxevals(          28 ) =   1.2456874E-15 ;
 maxevals(          29 ) =   1.2456874E-15 ;
 maxevals(          30 ) =   1.2456874E-15 ;
 maxevals(          31 ) =   1.2456874E-15 ;
 maxevals(          32 ) =   1.2456874E-15 ;
 maxevals(          33 ) =   1.2456874E-15 ;
 maxevals(          34 ) =   1.2456874E-15 ;
 maxevals(          35 ) =   1.2456874E-15 ;
 maxevals(          36 ) =   1.2456874E-15 ;
 maxevals(          37 ) =   1.2456874E-15 ;
 maxevals(          38 ) =   1.2456874E-15 ;
 maxevals(          39 ) =   1.2456874E-15 ;
 maxevals(          40 ) =   1.2456874E-15 ;
 maxevals(          41 ) =   1.2456874E-15 ;
 maxevals(          42 ) =   1.2456874E-15 ;
 maxevals(          43 ) =   1.2456874E-15 ;
 maxevals(          44 ) =   1.2456874E-15 ;
 maxevals(          45 ) =   1.2456874E-15 ;
 maxevals(          46 ) =   1.2456874E-15 ;
 maxevals(          47 ) =   1.2456874E-15 ;
 maxevals(          48 ) =   1.2456874E-15 ;
 maxevals(          49 ) =   1.2456874E-15 ;
 maxevals(          50 ) =   1.2456874E-15 ;
 maxevals(          51 ) =   1.2456874E-15 ;
 maxevals(          52 ) =   1.2456874E-15 ;
 maxevals(          53 ) =   1.2456874E-15 ;
 maxevals(          54 ) =   1.2456874E-15 ;
 maxevals(          55 ) =   1.2456874E-15 ;
 maxevals(          56 ) =   1.2456874E-15 ;
 maxevals(          57 ) =   1.2456874E-15 ;
 maxevals(          58 ) =   1.2456874E-15 ;
 maxevals(          59 ) =   1.2456874E-15 ;
 maxevals(          60 ) =   1.2456874E-15 ;
 maxevals(          61 ) =   1.2456874E-15 ;
 maxevals(          62 ) =   1.2456874E-15 ;
 maxevals(          63 ) =   1.2456874E-15 ;
 maxevals(          64 ) =   1.2456874E-15 ;
 maxevals(          65 ) =   1.2456874E-15 ;
 maxevals(          66 ) =   1.2456874E-15 ;
 maxevals(          67 ) =   1.2456874E-15 ;
 maxevals(          68 ) =   1.2456874E-15 ;
 maxevals(          69 ) =   1.2456874E-15 ;
 maxevals(          70 ) =   1.2456874E-15 ;
 maxevals(          71 ) =   1.2456874E-15 ;
 maxevals(          72 ) =   1.2456874E-15 ;
 maxevals(          73 ) =   1.2456874E-15 ;
 maxevals(          74 ) =   1.2456874E-15 ;
 maxevals(          75 ) =   1.2456874E-15 ;
 maxevals(          76 ) =   1.2456874E-15 ;
 maxevals(          77 ) =   1.2456874E-15 ;
 maxevals(          78 ) =   1.2456874E-15 ;
 maxevals(          79 ) =   1.2456874E-15 ;
 maxevals(          80 ) =   1.2456874E-15 ;
 maxevals(          81 ) =   1.2456874E-15 ;
 maxevals(          82 ) =   1.2456874E-15 ;
 maxevals(          83 ) =   1.2456874E-15 ;
 maxevals(          84 ) =   1.2456874E-15 ;
 maxevals(          85 ) =   1.2456874E-15 ;
 maxevals(          86 ) =   1.2456874E-15 ;
 maxevals(          87 ) =   1.2456874E-15 ;
 maxevals(          88 ) =   1.2456874E-15 ;
 maxevals(          89 ) =   1.2456874E-15 ;
 maxevals(          90 ) =   1.2456874E-15 ;
 maxevals(          91 ) =   1.2456874E-15 ;
 maxevals(          92 ) =   1.2456874E-15 ;
 maxevals(          93 ) =   1.2456874E-15 ;
 maxevals(          94 ) =   1.2456874E-15 ;
 maxevals(          95 ) =   1.2456874E-15 ;
 maxevals(          96 ) =   1.2456874E-15 ;
 maxevals(          97 ) =   1.2456874E-15 ;
 maxevals(          98 ) =   1.2456874E-15 ;
 maxevals(          99 ) =   1.2456874E-15 ;
 maxevals(         100 ) =   1.2456874E-15 ;
 maxevals(         101 ) =   1.2456874E-15 ;
 maxevals(         102 ) =   1.2456874E-15 ;
 maxevals(         103 ) =   1.2456874E-15 ;
 maxevals(         104 ) =   1.2456874E-15 ;
 maxevals(         105 ) =   1.2456874E-15 ;
 maxevals(         106 ) =   1.2456874E-15 ;
 maxevals(         107 ) =   1.2456874E-15 ;
 maxevals(         108 ) =   1.2456874E-15 ;
 maxevals(         109 ) =   1.2456874E-15 ;
 maxevals(         110 ) =   1.2456874E-15 ;
 maxevals(         111 ) =   1.2456874E-15 ;
 maxevals(         112 ) =   1.2456874E-15 ;
 maxevals(         113 ) =   1.2456874E-15 ;
 maxevals(         114 ) =   1.2456874E-15 ;
 maxevals(         115 ) =   1.2456874E-15 ;
 maxevals(         116 ) =   1.2456874E-15 ;
 maxevals(         117 ) =   1.2456874E-15 ;
 maxevals(         118 ) =   1.2456874E-15 ;
 maxevals(         119 ) =   1.2456874E-15 ;
 maxevals(         120 ) =   1.2456874E-15 ;
 maxevals(         121 ) =   1.2456874E-15 ;
 maxevals(         122 ) =   1.2456874E-15 ;
 maxevals(         123 ) =   1.2456874E-15 ;
 maxevals(         124 ) =   1.2456874E-15 ;
 maxevals(         125 ) =   1.2456874E-15 ;
 maxevals(         126 ) =   1.2456874E-15 ;
 maxevals(         127 ) =   1.2456874E-15 ;
 maxevals(         128 ) =   1.2456874E-15 ;
 maxevals(         129 ) =   1.2456874E-15 ;
 maxevals(         130 ) =   1.2456874E-15 ;
 maxevals(         131 ) =   1.2456874E-15 ;
 maxevals(         132 ) =   1.2456874E-15 ;
 maxevals(         133 ) =   1.2456874E-15 ;
 maxevals(         134 ) =   1.2456874E-15 ;
 maxevals(         135 ) =   1.2456874E-15 ;
 maxevals(         136 ) =   1.2456874E-15 ;
 maxevals(         137 ) =   1.2456874E-15 ;
 maxevals(         138 ) =   1.2456874E-15 ;
 maxevals(         139 ) =   1.2456874E-15 ;
 maxevals(         140 ) =   1.2456874E-15 ;
 maxevals(         141 ) =   1.2456874E-15 ;
 maxevals(         142 ) =   1.2456874E-15 ;
 maxevals(         143 ) =   1.2456874E-15 ;
 maxevals(         144 ) =   1.2456874E-15 ;
 maxevals(         145 ) =   1.2456874E-15 ;
 maxevals(         146 ) =   1.2456874E-15 ;
 maxevals(         147 ) =   1.2456874E-15 ;
 maxevals(         148 ) =   1.2456874E-15 ;
 maxevals(         149 ) =   1.2456874E-15 ;
 maxevals(         150 ) =   1.2456874E-15 ;
 maxevals(         151 ) =   1.2456874E-15 ;
 maxevals(         152 ) =   1.2456874E-15 ;
 maxevals(         153 ) =   1.2456874E-15 ;
 maxevals(         154 ) =   1.2456874E-15 ;
 maxevals(         155 ) =   1.2456874E-15 ;
 maxevals(         156 ) =   1.2456874E-15 ;
 maxevals(         157 ) =   1.2456874E-15 ;
 maxevals(         158 ) =   1.2456874E-15 ;
 maxevals(         159 ) =   1.2456874E-15 ;
 maxevals(         160 ) =   1.2456874E-15 ;
 maxevals(         161 ) =   1.2456874E-15 ;
 maxevals(         162 ) =   1.2456874E-15 ;
 maxevals(         163 ) =   1.2456874E-15 ;
 maxevals(         164 ) =   1.2456874E-15 ;
 maxevals(         165 ) =   1.2456874E-15 ;
 maxevals(         166 ) =   1.2456874E-15 ;
 maxevals(         167 ) =   1.2456874E-15 ;
 maxevals(         168 ) =   1.2456874E-15 ;
 maxevals(         169 ) =   1.2456874E-15 ;
 maxevals(         170 ) =   1.2456874E-15 ;
 maxevals(         171 ) =   1.2456874E-15 ;
 maxevals(         172 ) =   1.2456874E-15 ;
 maxevals(         173 ) =   1.2456874E-15 ;
 maxevals(         174 ) =   1.2456874E-15 ;
 maxevals(         175 ) =   1.2456874E-15 ;
 maxevals(         176 ) =   1.2456874E-15 ;
 maxevals(         177 ) =   1.2456874E-15 ;
