 maxevals(           1 ) =   6.0719536E-14 ;
 maxevals(           2 ) =   6.0719536E-14 ;
 maxevals(           3 ) =   6.0719536E-14 ;
 maxevals(           4 ) =   6.0719536E-14 ;
 maxevals(           5 ) =   6.0719536E-14 ;
 maxevals(           6 ) =   6.0719536E-14 ;
 maxevals(           7 ) =   6.0719536E-14 ;
 maxevals(           8 ) =   6.0719536E-14 ;
 maxevals(           9 ) =   6.0719536E-14 ;
 maxevals(          10 ) =   6.0719536E-14 ;
 maxevals(          11 ) =   6.0719536E-14 ;
 maxevals(          12 ) =   6.0719536E-14 ;
 maxevals(          13 ) =   6.0719536E-14 ;
 maxevals(          14 ) =   6.0719536E-14 ;
 maxevals(          15 ) =   6.0719536E-14 ;
 maxevals(          16 ) =   6.0719536E-14 ;
 maxevals(          17 ) =   6.0719536E-14 ;
 maxevals(          18 ) =   6.0719536E-14 ;
 maxevals(          19 ) =   6.0719536E-14 ;
 maxevals(          20 ) =   6.0719536E-14 ;
 maxevals(          21 ) =   0.2137198     ;
 maxevals(          22 ) =   3.4696874E-13 ;
 maxevals(          23 ) =   3.4696874E-13 ;
 maxevals(          24 ) =   3.4696874E-13 ;
 maxevals(          25 ) =   3.4696874E-13 ;
 maxevals(          26 ) =   3.4696874E-13 ;
 maxevals(          27 ) =  -1.0627110E-13 ;
 maxevals(          28 ) =  -6.6243880E-13 ;
 maxevals(          29 ) =  -6.6243880E-13 ;
 maxevals(          30 ) =   1.7037208E-12 ;
 maxevals(          31 ) =  -2.7795561E-13 ;
 maxevals(          32 ) =  -2.7795561E-13 ;
 maxevals(          33 ) =   3.6215670E-02 ;
 maxevals(          34 ) =  -1.3904938E-13 ;
 maxevals(          35 ) =  -1.3904938E-13 ;
 maxevals(          36 ) =  -3.4628078E-13 ;
 maxevals(          37 ) =  -2.9490546E-13 ;
 maxevals(          38 ) =  -2.9490546E-13 ;
 maxevals(          39 ) =  -2.9490546E-13 ;
 maxevals(          40 ) =  -2.9490546E-13 ;
 maxevals(          41 ) =  -2.9490546E-13 ;
 maxevals(          42 ) =  -2.9542196E-12 ;
 maxevals(          43 ) =   1.6864048E-14 ;
 maxevals(          44 ) =  -4.5100634E-13 ;
 maxevals(          45 ) =  -4.5100634E-13 ;
 maxevals(          46 ) =  -4.5100634E-13 ;
 maxevals(          47 ) =  -7.1257106E-13 ;
 maxevals(          48 ) =  -1.1254046E-12 ;
 maxevals(          49 ) =  -7.1873224E-12 ;
 maxevals(          50 ) =   1.4149723E-13 ;
 maxevals(          51 ) =   1.4149723E-13 ;
 maxevals(          52 ) =   1.4149723E-13 ;
 maxevals(          53 ) =   1.4149723E-13 ;
 maxevals(          54 ) =   1.4149723E-13 ;
 maxevals(          55 ) =   1.4149723E-13 ;
 maxevals(          56 ) =   1.4149723E-13 ;
 maxevals(          57 ) =   3.2960483E-13 ;
 maxevals(          58 ) =   1.9011266E-13 ;
 maxevals(          59 ) =   1.9011266E-13 ;
 maxevals(          60 ) =   1.9011266E-13 ;
 maxevals(          61 ) =   1.9011266E-13 ;
 maxevals(          62 ) =   1.2300634E-13 ;
 maxevals(          63 ) =  -7.7413211E-13 ;
 maxevals(          64 ) =   1.6713025E-12 ;
 maxevals(          65 ) =  -1.8231484E-13 ;
 maxevals(          66 ) =  -7.5738423E-13 ;
 maxevals(          67 ) =  -7.5738423E-13 ;
 maxevals(          68 ) =    3.192385     ;
 maxevals(          69 ) =  -5.5770818E-13 ;
 maxevals(          70 ) =  -5.5770818E-13 ;
 maxevals(          71 ) =  -3.3544687E-14 ;
 maxevals(          72 ) =  -3.1524978E-13 ;
 maxevals(          73 ) =  -1.8773982E-13 ;
 maxevals(          74 ) =  -1.8773982E-13 ;
 maxevals(          75 ) =  -1.8773982E-13 ;
 maxevals(          76 ) =   3.4324778E-13 ;
 maxevals(          77 ) =   3.4324778E-13 ;
 maxevals(          78 ) =    13.70443     ;
 maxevals(          79 ) =    5.001490     ;
 maxevals(          80 ) =  -1.7664978E-13 ;
 maxevals(          81 ) =   0.1369155     ;
 maxevals(          82 ) =  -1.4789118E-13 ;
 maxevals(          83 ) =  -1.4789118E-13 ;
 maxevals(          84 ) =    5.306047     ;
 maxevals(          85 ) =   4.3137434E-13 ;
 maxevals(          86 ) =   1.2990393E-12 ;
 maxevals(          87 ) =   1.6924319E-12 ;
 maxevals(          88 ) =   1.6924319E-12 ;
 maxevals(          89 ) =   1.6924319E-12 ;
 maxevals(          90 ) =   1.6924319E-12 ;
 maxevals(          91 ) =   1.6924319E-12 ;
 maxevals(          92 ) =  -1.0194189E-12 ;
 maxevals(          93 ) =  -1.2426381E-13 ;
 maxevals(          94 ) =  -1.2426381E-13 ;
 maxevals(          95 ) =  -1.2357712E-13 ;
 maxevals(          96 ) =   7.5018259E-14 ;
 maxevals(          97 ) =   8.2245693E-14 ;
 maxevals(          98 ) =   8.2245693E-14 ;
 maxevals(          99 ) =    12.22040     ;
 maxevals(         100 ) =   1.7778384E-13 ;
 maxevals(         101 ) =   1.7778384E-13 ;
 maxevals(         102 ) =   1.7778384E-13 ;
 maxevals(         103 ) =   1.7778384E-13 ;
 maxevals(         104 ) =  -2.2499191E-13 ;
 maxevals(         105 ) =   3.7532767E-13 ;
 maxevals(         106 ) =   3.7532767E-13 ;
 maxevals(         107 ) =  -1.1042876E-13 ;
 maxevals(         108 ) =  -1.5100668E-14 ;
 maxevals(         109 ) =  -5.7590418E-13 ;
 maxevals(         110 ) =  -7.0162693E-14 ;
 maxevals(         111 ) =  -7.0162693E-14 ;
 maxevals(         112 ) =  -7.0162693E-14 ;
 maxevals(         113 ) =  -7.0162693E-14 ;
 maxevals(         114 ) =   0.2887259     ;
 maxevals(         115 ) =  -1.4425410E-13 ;
 maxevals(         116 ) =  -6.8700015E-13 ;
 maxevals(         117 ) =  -7.1384370E-13 ;
 maxevals(         118 ) =   5.5522964E-13 ;
 maxevals(         119 ) =   5.5522964E-13 ;
 maxevals(         120 ) =   2.4803811E-13 ;
 maxevals(         121 ) =   2.4803811E-13 ;
 maxevals(         122 ) =   4.2938659E-13 ;
 maxevals(         123 ) =   4.2938659E-13 ;
 maxevals(         124 ) =   4.2938659E-13 ;
 maxevals(         125 ) =   4.2938659E-13 ;
 maxevals(         126 ) =   6.9692781E-13 ;
 maxevals(         127 ) =   1.0261452E-13 ;
 maxevals(         128 ) =   1.0261452E-13 ;
 maxevals(         129 ) =   1.0261452E-13 ;
 maxevals(         130 ) =  -2.8100252E-13 ;
 maxevals(         131 ) =  -2.8100252E-13 ;
 maxevals(         132 ) =  -2.8100252E-13 ;
 maxevals(         133 ) =  -2.8100252E-13 ;
 maxevals(         134 ) =  -2.8100252E-13 ;
 maxevals(         135 ) =  -2.8100252E-13 ;
 maxevals(         136 ) =  -4.2145269E-13 ;
 maxevals(         137 ) =   2.1278599E-13 ;
 maxevals(         138 ) =  -6.7538618E-13 ;
 maxevals(         139 ) =  -6.7538618E-13 ;
 maxevals(         140 ) =  -6.7538618E-13 ;
 maxevals(         141 ) =  -6.7538618E-13 ;
 maxevals(         142 ) =  -6.7538618E-13 ;
 maxevals(         143 ) =  -4.1388776E-13 ;
 maxevals(         144 ) =  -4.1388776E-13 ;
 maxevals(         145 ) =  -4.1388776E-13 ;
 maxevals(         146 ) =  -4.1388776E-13 ;
 maxevals(         147 ) =    7.659938     ;
 maxevals(         148 ) =  -2.5987171E-14 ;
 maxevals(         149 ) =  -2.3026405E-13 ;
 maxevals(         150 ) =  -6.8838202E-13 ;
 maxevals(         151 ) =   3.9131369E-13 ;
 maxevals(         152 ) =   3.9131369E-13 ;
 maxevals(         153 ) =   3.9131369E-13 ;
 maxevals(         154 ) =   3.9131369E-13 ;
 maxevals(         155 ) =  -1.6350961E-13 ;
 maxevals(         156 ) =  -1.6350961E-13 ;
 maxevals(         157 ) =   5.4672624E-13 ;
 maxevals(         158 ) =   5.4490521E-13 ;
 maxevals(         159 ) =   5.4490521E-13 ;
 maxevals(         160 ) =   5.4490521E-13 ;
 maxevals(         161 ) =   5.4490521E-13 ;
 maxevals(         162 ) =   5.4490521E-13 ;
 maxevals(         163 ) =  -3.0874107E-13 ;
 maxevals(         164 ) =   0.4645229     ;
 maxevals(         165 ) =   2.2355953E-13 ;
 maxevals(         166 ) =   2.2355953E-13 ;
 maxevals(         167 ) =   6.9876051E-14 ;
 maxevals(         168 ) =  -2.6680410E-13 ;
 maxevals(         169 ) =  -2.6680410E-13 ;
 maxevals(         170 ) =   4.9040188E-13 ;
 maxevals(         171 ) =  -9.7040154E-12 ;
 maxevals(         172 ) =  -8.1565830E-13 ;
 maxevals(         173 ) =  -8.1565830E-13 ;
 maxevals(         174 ) =  -8.1565830E-13 ;
 maxevals(         175 ) =  -8.1565830E-13 ;
 maxevals(         176 ) =  -8.1565830E-13 ;
 maxevals(         177 ) =   8.4998523E-13 ;
