 e_r(           1 ) =   -3402.005     ;
 e_i(           1 ) =    1426.105     ;
 e_r(           2 ) =   -3402.005     ;
 e_i(           2 ) =   -1426.105     ;
 e_r(           3 ) =   -3403.678     ;
 e_i(           3 ) =    1424.458     ;
 e_r(           4 ) =   -3403.678     ;
 e_i(           4 ) =   -1424.458     ;
 e_r(           5 ) =   -3951.183     ;
 e_i(           5 ) =    438.4998     ;
 e_r(           6 ) =   -3951.183     ;
 e_i(           6 ) =   -438.4998     ;
 e_r(           7 ) =   -3950.240     ;
 e_i(           7 ) =    442.6790     ;
 e_r(           8 ) =   -3950.240     ;
 e_i(           8 ) =   -442.6790     ;
 e_r(           9 ) =   -3918.467     ;
 e_i(           9 ) =    564.7072     ;
 e_r(          10 ) =   -3918.467     ;
 e_i(          10 ) =   -564.7072     ;
 e_r(          11 ) =   -3919.221     ;
 e_i(          11 ) =    562.1402     ;
 e_r(          12 ) =   -3919.221     ;
 e_i(          12 ) =   -562.1402     ;
 e_r(          13 ) =   -3489.667     ;
 e_i(          13 ) =    1334.280     ;
 e_r(          14 ) =   -3489.667     ;
 e_i(          14 ) =   -1334.280     ;
 e_r(          15 ) =   -3776.817     ;
 e_i(          15 ) =    917.7753     ;
 e_r(          16 ) =   -3776.817     ;
 e_i(          16 ) =   -917.7753     ;
 e_r(          17 ) =   -3778.257     ;
 e_i(          17 ) =    914.9827     ;
 e_r(          18 ) =   -3778.257     ;
 e_i(          18 ) =   -914.9827     ;
 e_r(          19 ) =   -3831.494     ;
 e_i(          19 ) =    803.1347     ;
 e_r(          20 ) =   -3831.494     ;
 e_i(          20 ) =   -803.1347     ;
 e_r(          21 ) =   -3832.662     ;
 e_i(          21 ) =    800.4664     ;
 e_r(          22 ) =   -3832.662     ;
 e_i(          22 ) =   -800.4664     ;
 e_r(          23 ) =   -3974.907     ;
 e_i(          23 ) =    314.8596     ;
 e_r(          24 ) =   -3974.907     ;
 e_i(          24 ) =   -314.8596     ;
 e_r(          25 ) =   -3974.548     ;
 e_i(          25 ) =    317.1014     ;
 e_r(          26 ) =   -3974.548     ;
 e_i(          26 ) =   -317.1014     ;
 e_r(          27 ) =   -3879.621     ;
 e_i(          27 ) =    682.9545     ;
 e_r(          28 ) =   -3879.621     ;
 e_i(          28 ) =   -682.9545     ;
 e_r(          29 ) =   -3491.181     ;
 e_i(          29 ) =    1332.588     ;
 e_r(          30 ) =   -3491.181     ;
 e_i(          30 ) =   -1332.588     ;
 e_r(          31 ) =   -3878.868     ;
 e_i(          31 ) =    685.0255     ;
 e_r(          32 ) =   -3878.868     ;
 e_i(          32 ) =   -685.0255     ;
 e_r(          33 ) =   -3646.430     ;
 e_i(          33 ) =    1135.191     ;
 e_r(          34 ) =   -3646.430     ;
 e_i(          34 ) =   -1135.191     ;
 e_r(          35 ) =   -3648.018     ;
 e_i(          35 ) =    1132.884     ;
 e_r(          36 ) =   -3648.018     ;
 e_i(          36 ) =   -1132.884     ;
 e_r(          37 ) =   -3572.653     ;
 e_i(          37 ) =    1235.375     ;
 e_r(          38 ) =   -3572.653     ;
 e_i(          38 ) =   -1235.375     ;
 e_r(          39 ) =   -3571.309     ;
 e_i(          39 ) =    1237.085     ;
 e_r(          40 ) =   -3571.309     ;
 e_i(          40 ) =   -1237.085     ;
 e_r(          41 ) =   -3990.945     ;
 e_i(          41 ) =    188.5075     ;
 e_r(          42 ) =   -3990.945     ;
 e_i(          42 ) =   -188.5075     ;
 e_r(          43 ) =   -3990.643     ;
 e_i(          43 ) =    191.6701     ;
 e_r(          44 ) =   -3990.643     ;
 e_i(          44 ) =   -191.6701     ;
 e_r(          45 ) =   -3715.304     ;
 e_i(          45 ) =    1028.164     ;
 e_r(          46 ) =   -3715.304     ;
 e_i(          46 ) =   -1028.164     ;
 e_r(          47 ) =   -3716.368     ;
 e_i(          47 ) =    1026.387     ;
 e_r(          48 ) =   -3716.368     ;
 e_i(          48 ) =   -1026.387     ;
 e_r(          49 ) =   -3998.873     ;
 e_i(          49 ) =    62.39054     ;
 e_r(          50 ) =   -3998.873     ;
 e_i(          50 ) =   -62.39054     ;
 e_r(          51 ) =   -3308.498     ;
 e_i(          51 ) =    1512.359     ;
 e_r(          52 ) =   -3308.498     ;
 e_i(          52 ) =   -1512.359     ;
 e_r(          53 ) =   -3310.746     ;
 e_i(          53 ) =    1510.411     ;
 e_r(          54 ) =   -3310.746     ;
 e_i(          54 ) =   -1510.411     ;
 e_r(          55 ) =   -3998.805     ;
 e_i(          55 ) =    64.51566     ;
 e_r(          56 ) =   -3998.805     ;
 e_i(          56 ) =   -64.51566     ;
 e_r(          57 ) =   -3209.888     ;
 e_i(          57 ) =    1592.349     ;
 e_r(          58 ) =   -3209.888     ;
 e_i(          58 ) =   -1592.349     ;
 e_r(          59 ) =   -3212.375     ;
 e_i(          59 ) =    1590.456     ;
 e_r(          60 ) =   -3212.375     ;
 e_i(          60 ) =   -1590.456     ;
 e_r(          61 ) =   -3109.035     ;
 e_i(          61 ) =    1664.162     ;
 e_r(          62 ) =   -3109.035     ;
 e_i(          62 ) =   -1664.162     ;
 e_r(          63 ) =   -3106.479     ;
 e_i(          63 ) =    1665.863     ;
 e_r(          64 ) =   -3106.479     ;
 e_i(          64 ) =   -1665.863     ;
 e_r(          65 ) =   -3001.586     ;
 e_i(          65 ) =    1730.955     ;
 e_r(          66 ) =   -3001.586     ;
 e_i(          66 ) =   -1730.955     ;
 e_r(          67 ) =   -2998.249     ;
 e_i(          67 ) =    1732.882     ;
 e_r(          68 ) =   -2998.249     ;
 e_i(          68 ) =   -1732.882     ;
 e_r(          69 ) =   -2774.144     ;
 e_i(          69 ) =    1843.935     ;
 e_r(          70 ) =   -2774.144     ;
 e_i(          70 ) =   -1843.935     ;
 e_r(          71 ) =   -2886.518     ;
 e_i(          71 ) =    1792.620     ;
 e_r(          72 ) =   -2886.518     ;
 e_i(          72 ) =   -1792.620     ;
 e_r(          73 ) =   -2889.615     ;
 e_i(          73 ) =    1791.085     ;
 e_r(          74 ) =   -2889.615     ;
 e_i(          74 ) =   -1791.085     ;
 e_r(          75 ) =   -2771.117     ;
 e_i(          75 ) =    1845.203     ;
 e_r(          76 ) =   -2771.117     ;
 e_i(          76 ) =   -1845.203     ;
 e_r(          77 ) =   -2655.391     ;
 e_i(          77 ) =    1889.407     ;
 e_r(          78 ) =   -2655.391     ;
 e_i(          78 ) =   -1889.407     ;
 e_r(          79 ) =   -2652.803     ;
 e_i(          79 ) =    1890.303     ;
 e_r(          80 ) =   -2652.803     ;
 e_i(          80 ) =   -1890.303     ;
 e_r(          81 ) =   -2533.936     ;
 e_i(          81 ) =    1927.256     ;
 e_r(          82 ) =   -2533.936     ;
 e_i(          82 ) =   -1927.256     ;
 e_r(          83 ) =   -2531.877     ;
 e_i(          83 ) =    1927.826     ;
 e_r(          84 ) =   -2531.877     ;
 e_i(          84 ) =   -1927.826     ;
 e_r(          85 ) =   -2407.985     ;
 e_i(          85 ) =    1957.794     ;
 e_r(          86 ) =   -2407.985     ;
 e_i(          86 ) =   -1957.794     ;
 e_r(          87 ) =   -2411.172     ;
 e_i(          87 ) =    1957.127     ;
 e_r(          88 ) =   -2411.172     ;
 e_i(          88 ) =   -1957.127     ;
 e_r(          89 ) =   -2285.977     ;
 e_i(          89 ) =    1979.296     ;
 e_r(          90 ) =   -2285.977     ;
 e_i(          90 ) =   -1979.296     ;
 e_r(          91 ) =   -2283.234     ;
 e_i(          91 ) =    1979.691     ;
 e_r(          92 ) =   -2283.234     ;
 e_i(          92 ) =   -1979.691     ;
 e_r(          93 ) =   -2159.852     ;
 e_i(          93 ) =    1993.447     ;
 e_r(          94 ) =   -2159.852     ;
 e_i(          94 ) =   -1993.447     ;
 e_r(          95 ) =   -2157.127     ;
 e_i(          95 ) =    1993.664     ;
 e_r(          96 ) =   -2157.127     ;
 e_i(          96 ) =   -1993.664     ;
 e_r(          97 ) =   -1903.257     ;
 e_i(          97 ) =    1997.507     ;
 e_r(          98 ) =   -1903.257     ;
 e_i(          98 ) =   -1997.507     ;
 e_r(          99 ) =   -1906.401     ;
 e_i(          99 ) =    1997.657     ;
 e_r(         100 ) =   -1906.401     ;
 e_i(         100 ) =   -1997.657     ;
