 e_r(           1 ) =   -1646.269     ;
 e_i(           1 ) =    784.4029     ;
 e_r(           2 ) =   -1646.269     ;
 e_i(           2 ) =   -784.4029     ;
 e_r(           3 ) =   -1685.355     ;
 e_i(           3 ) =    742.4072     ;
 e_r(           4 ) =   -1685.355     ;
 e_i(           4 ) =   -742.4072     ;
 e_r(           5 ) =   -1857.652     ;
 e_i(           5 ) =    513.8660     ;
 e_r(           6 ) =   -1857.652     ;
 e_i(           6 ) =   -513.8660     ;
 e_r(           7 ) =   -1822.843     ;
 e_i(           7 ) =    567.7953     ;
 e_r(           8 ) =   -1822.843     ;
 e_i(           8 ) =   -567.7953     ;
 e_r(           9 ) =   -1827.933     ;
 e_i(           9 ) =    545.5989     ;
 e_r(          10 ) =   -1827.933     ;
 e_i(          10 ) =   -545.5989     ;
 e_r(          11 ) =   -1870.419     ;
 e_i(          11 ) =    475.8482     ;
 e_r(          12 ) =   -1870.419     ;
 e_i(          12 ) =   -475.8482     ;
 e_r(          13 ) =   -1889.224     ;
 e_i(          13 ) =    457.1170     ;
 e_r(          14 ) =   -1889.224     ;
 e_i(          14 ) =   -457.1170     ;
 e_r(          15 ) =   -1917.943     ;
 e_i(          15 ) =    399.5629     ;
 e_r(          16 ) =   -1917.943     ;
 e_i(          16 ) =   -399.5629     ;
 e_r(          17 ) =   -1908.587     ;
 e_i(          17 ) =    403.2643     ;
 e_r(          18 ) =   -1908.587     ;
 e_i(          18 ) =   -403.2643     ;
 e_r(          19 ) =   -1951.065     ;
 e_i(          19 ) =    332.4125     ;
 e_r(          20 ) =   -1951.065     ;
 e_i(          20 ) =   -332.4125     ;
 e_r(          21 ) =   -1938.583     ;
 e_i(          21 ) =    342.4766     ;
 e_r(          22 ) =   -1938.583     ;
 e_i(          22 ) =   -342.4766     ;
 e_r(          23 ) =   -1980.000     ;
 e_i(          23 ) =    276.2817     ;
 e_r(          24 ) =   -1980.000     ;
 e_i(          24 ) =   -276.2817     ;
 e_r(          25 ) =   -1958.704     ;
 e_i(          25 ) =    282.8928     ;
 e_r(          26 ) =   -1958.704     ;
 e_i(          26 ) =   -282.8928     ;
 e_r(          27 ) =   -1785.256     ;
 e_i(          27 ) =    618.8726     ;
 e_r(          28 ) =   -1785.256     ;
 e_i(          28 ) =   -618.8726     ;
 e_r(          29 ) =   -1780.938     ;
 e_i(          29 ) =    612.4575     ;
 e_r(          30 ) =   -1780.938     ;
 e_i(          30 ) =   -612.4575     ;
 e_r(          31 ) =   -1976.404     ;
 e_i(          31 ) =    219.8175     ;
 e_r(          32 ) =   -1976.404     ;
 e_i(          32 ) =   -219.8175     ;
 e_r(          33 ) =   -1743.750     ;
 e_i(          33 ) =    666.1567     ;
 e_r(          34 ) =   -1743.750     ;
 e_i(          34 ) =   -666.1567     ;
 e_r(          35 ) =   -1979.324     ;
 e_i(          35 ) =    207.4890     ;
 e_r(          36 ) =   -1979.324     ;
 e_i(          36 ) =   -207.4890     ;
 e_r(          37 ) =   -1653.884     ;
 e_i(          37 ) =    754.7240     ;
 e_r(          38 ) =   -1653.884     ;
 e_i(          38 ) =   -754.7240     ;
 e_r(          39 ) =   -1702.107     ;
 e_i(          39 ) =    711.1465     ;
 e_r(          40 ) =   -1702.107     ;
 e_i(          40 ) =   -711.1465     ;
 e_r(          41 ) =   -1731.705     ;
 e_i(          41 ) =    678.8258     ;
 e_r(          42 ) =   -1731.705     ;
 e_i(          42 ) =   -678.8258     ;
 e_r(          43 ) =   -1707.300     ;
 e_i(          43 ) =    707.4748     ;
 e_r(          44 ) =   -1707.300     ;
 e_i(          44 ) =   -707.4748     ;
 e_r(          45 ) =   -1986.269     ;
 e_i(          45 ) =    158.4972     ;
 e_r(          46 ) =   -1986.269     ;
 e_i(          46 ) =   -158.4972     ;
 e_r(          47 ) =   -1987.069     ;
 e_i(          47 ) =    121.9514     ;
 e_r(          48 ) =   -1987.069     ;
 e_i(          48 ) =   -121.9514     ;
 e_r(          49 ) =   -1994.775     ;
 e_i(          49 ) =    95.51643     ;
 e_r(          50 ) =   -1994.775     ;
 e_i(          50 ) =   -95.51643     ;
 e_r(          51 ) =   -1603.756     ;
 e_i(          51 ) =    795.5834     ;
 e_r(          52 ) =   -1603.756     ;
 e_i(          52 ) =   -795.5834     ;
 e_r(          53 ) =   -1574.936     ;
 e_i(          53 ) =    816.6081     ;
 e_r(          54 ) =   -1574.936     ;
 e_i(          54 ) =   -816.6081     ;
 e_r(          55 ) =   -1552.567     ;
 e_i(          55 ) =    832.1039     ;
 e_r(          56 ) =   -1552.567     ;
 e_i(          56 ) =   -832.1039     ;
 e_r(          57 ) =   -1990.405     ;
 e_i(          57 ) =    42.57056     ;
 e_r(          58 ) =   -1990.405     ;
 e_i(          58 ) =   -42.57056     ;
 e_r(          59 ) =   -1999.222     ;
 e_i(          59 ) =    32.16687     ;
 e_r(          60 ) =   -1999.222     ;
 e_i(          60 ) =   -32.16687     ;
 e_r(          61 ) =   -1504.038     ;
 e_i(          61 ) =    855.6517     ;
 e_r(          62 ) =   -1504.038     ;
 e_i(          62 ) =   -855.6517     ;
 e_r(          63 ) =   -1997.245     ;
 e_i(          63 ) =   0.0000000E+00 ;
 e_r(          64 ) =   -1498.868     ;
 e_i(          64 ) =    866.9236     ;
 e_r(          65 ) =   -1498.868     ;
 e_i(          65 ) =   -866.9236     ;
 e_r(          66 ) =   -1444.777     ;
 e_i(          66 ) =    894.2285     ;
 e_r(          67 ) =   -1444.777     ;
 e_i(          67 ) =   -894.2285     ;
 e_r(          68 ) =   -1427.578     ;
 e_i(          68 ) =    894.5714     ;
 e_r(          69 ) =   -1427.578     ;
 e_i(          69 ) =   -894.5714     ;
 e_r(          70 ) =   -1385.467     ;
 e_i(          70 ) =    921.5519     ;
 e_r(          71 ) =   -1385.467     ;
 e_i(          71 ) =   -921.5519     ;
 e_r(          72 ) =   -1353.411     ;
 e_i(          72 ) =    926.5901     ;
 e_r(          73 ) =   -1353.411     ;
 e_i(          73 ) =   -926.5901     ;
 e_r(          74 ) =   -1325.566     ;
 e_i(          74 ) =    944.6611     ;
 e_r(          75 ) =   -1325.566     ;
 e_i(          75 ) =   -944.6611     ;
 e_r(          76 ) =   -1278.293     ;
 e_i(          76 ) =    956.3942     ;
 e_r(          77 ) =   -1278.293     ;
 e_i(          77 ) =   -956.3942     ;
 e_r(          78 ) =   -1264.602     ;
 e_i(          78 ) =    963.7875     ;
 e_r(          79 ) =   -1264.602     ;
 e_i(          79 ) =   -963.7875     ;
 e_r(          80 ) =   -1199.472     ;
 e_i(          80 ) =    987.2284     ;
 e_r(          81 ) =   -1199.472     ;
 e_i(          81 ) =   -987.2284     ;
 e_r(          82 ) =   -1204.230     ;
 e_i(          82 ) =    976.9488     ;
 e_r(          83 ) =   -1204.230     ;
 e_i(          83 ) =   -976.9488     ;
 e_r(          84 ) =   -1140.906     ;
 e_i(          84 ) =    1008.921     ;
 e_r(          85 ) =   -1140.906     ;
 e_i(          85 ) =   -1008.921     ;
 e_r(          86 ) =   -1140.597     ;
 e_i(          86 ) =    990.1807     ;
 e_r(          87 ) =   -1140.597     ;
 e_i(          87 ) =   -990.1807     ;
 e_r(          88 ) =   -1080.736     ;
 e_i(          88 ) =    995.8715     ;
 e_r(          89 ) =   -1080.736     ;
 e_i(          89 ) =   -995.8715     ;
 e_r(          90 ) =   -1071.653     ;
 e_i(          90 ) =    1001.936     ;
 e_r(          91 ) =   -1071.653     ;
 e_i(          91 ) =   -1001.936     ;
 e_r(          92 ) =   -1015.950     ;
 e_i(          92 ) =    999.3124     ;
 e_r(          93 ) =   -1015.950     ;
 e_i(          93 ) =   -999.3124     ;
 e_r(          94 ) =   -888.0828     ;
 e_i(          94 ) =    993.2661     ;
 e_r(          95 ) =   -888.0828     ;
 e_i(          95 ) =   -993.2661     ;
 e_r(          96 ) =   -827.8490     ;
 e_i(          96 ) =    984.7859     ;
 e_r(          97 ) =   -827.8490     ;
 e_i(          97 ) =   -984.7859     ;
 e_r(          98 ) =   -908.8167     ;
 e_i(          98 ) =    987.1316     ;
 e_r(          99 ) =   -908.8167     ;
 e_i(          99 ) =   -987.1316     ;
 e_r(         100 ) =   -824.2943     ;
 e_i(         100 ) =    974.9844     ;
