 e_r(           1 ) =   2.9457801E-12 ;
 e_i(           1 ) =   0.0000000E+00 ;
 e_r(           2 ) =   -1598.132     ;
 e_i(           2 ) =    788.0172     ;
 e_r(           3 ) =   -1598.132     ;
 e_i(           3 ) =   -788.0172     ;
 e_r(           4 ) =   -1695.175     ;
 e_i(           4 ) =    705.7739     ;
 e_r(           5 ) =   -1695.175     ;
 e_i(           5 ) =   -705.7739     ;
 e_r(           6 ) =   -1736.712     ;
 e_i(           6 ) =    660.5760     ;
 e_r(           7 ) =   -1736.712     ;
 e_i(           7 ) =   -660.5760     ;
 e_r(           8 ) =   -1646.967     ;
 e_i(           8 ) =    749.3026     ;
 e_r(           9 ) =   -1646.967     ;
 e_i(           9 ) =   -749.3026     ;
 e_r(          10 ) =   -1776.808     ;
 e_i(          10 ) =    613.3365     ;
 e_r(          11 ) =   -1776.808     ;
 e_i(          11 ) =   -613.3365     ;
 e_r(          12 ) =   -1640.328     ;
 e_i(          12 ) =    740.2697     ;
 e_r(          13 ) =   -1640.328     ;
 e_i(          13 ) =   -740.2697     ;
 e_r(          14 ) =   -1643.596     ;
 e_i(          14 ) =    732.3882     ;
 e_r(          15 ) =   -1643.596     ;
 e_i(          15 ) =   -732.3882     ;
 e_r(          16 ) =   -1814.999     ;
 e_i(          16 ) =    562.9898     ;
 e_r(          17 ) =   -1814.999     ;
 e_i(          17 ) =   -562.9898     ;
 e_r(          18 ) =   -1930.162     ;
 e_i(          18 ) =    339.4327     ;
 e_r(          19 ) =   -1930.162     ;
 e_i(          19 ) =   -339.4327     ;
 e_r(          20 ) =   -1905.740     ;
 e_i(          20 ) =    398.5472     ;
 e_r(          21 ) =   -1905.740     ;
 e_i(          21 ) =   -398.5472     ;
 e_r(          22 ) =   -1880.905     ;
 e_i(          22 ) =    452.6001     ;
 e_r(          23 ) =   -1880.905     ;
 e_i(          23 ) =   -452.6001     ;
 e_r(          24 ) =   -1849.973     ;
 e_i(          24 ) =    507.5146     ;
 e_r(          25 ) =   -1849.973     ;
 e_i(          25 ) =   -507.5146     ;
 e_r(          26 ) =   -1949.098     ;
 e_i(          26 ) =    279.8243     ;
 e_r(          27 ) =   -1949.098     ;
 e_i(          27 ) =   -279.8243     ;
 e_r(          28 ) =   -1953.560     ;
 e_i(          28 ) =    274.6389     ;
 e_r(          29 ) =   -1953.560     ;
 e_i(          29 ) =   -274.6389     ;
 e_r(          30 ) =   -1965.586     ;
 e_i(          30 ) =    215.3616     ;
 e_r(          31 ) =   -1965.586     ;
 e_i(          31 ) =   -215.3616     ;
 e_r(          32 ) =   -1913.951     ;
 e_i(          32 ) =    299.6292     ;
 e_r(          33 ) =   -1913.951     ;
 e_i(          33 ) =   -299.6292     ;
 e_r(          34 ) =   -1877.631     ;
 e_i(          34 ) =    365.3358     ;
 e_r(          35 ) =   -1877.631     ;
 e_i(          35 ) =   -365.3358     ;
 e_r(          36 ) =   -1977.446     ;
 e_i(          36 ) =    157.9021     ;
 e_r(          37 ) =   -1977.446     ;
 e_i(          37 ) =   -157.9021     ;
 e_r(          38 ) =   -1547.350     ;
 e_i(          38 ) =    823.9478     ;
 e_r(          39 ) =   -1547.350     ;
 e_i(          39 ) =   -823.9478     ;
 e_r(          40 ) =   -1840.246     ;
 e_i(          40 ) =    432.2958     ;
 e_r(          41 ) =   -1840.246     ;
 e_i(          41 ) =   -432.2958     ;
 e_r(          42 ) =   -1984.742     ;
 e_i(          42 ) =    93.24364     ;
 e_r(          43 ) =   -1984.742     ;
 e_i(          43 ) =   -93.24364     ;
 e_r(          44 ) =   -1989.999     ;
 e_i(          44 ) =    31.96879     ;
 e_r(          45 ) =   -1989.999     ;
 e_i(          45 ) =   -31.96879     ;
 e_r(          46 ) =   -1683.541     ;
 e_i(          46 ) =    641.3408     ;
 e_r(          47 ) =   -1683.541     ;
 e_i(          47 ) =   -641.3408     ;
 e_r(          48 ) =   -1708.197     ;
 e_i(          48 ) =    603.5327     ;
 e_r(          49 ) =   -1708.197     ;
 e_i(          49 ) =   -603.5327     ;
 e_r(          50 ) =   -1926.765     ;
 e_i(          50 ) =    213.3007     ;
 e_r(          51 ) =   -1926.765     ;
 e_i(          51 ) =   -213.3007     ;
 e_r(          52 ) =   -1800.547     ;
 e_i(          52 ) =    497.7080     ;
 e_r(          53 ) =   -1800.547     ;
 e_i(          53 ) =   -497.7080     ;
 e_r(          54 ) =   -1763.086     ;
 e_i(          54 ) =    542.5262     ;
 e_r(          55 ) =   -1763.086     ;
 e_i(          55 ) =   -542.5262     ;
 e_r(          56 ) =   -1495.239     ;
 e_i(          56 ) =    858.8011     ;
 e_r(          57 ) =   -1495.239     ;
 e_i(          57 ) =   -858.8011     ;
 e_r(          58 ) =   -1938.995     ;
 e_i(          58 ) =    117.8523     ;
 e_r(          59 ) =   -1938.995     ;
 e_i(          59 ) =   -117.8523     ;
 e_r(          60 ) =   -1558.206     ;
 e_i(          60 ) =    759.0082     ;
 e_r(          61 ) =   -1558.206     ;
 e_i(          61 ) =   -759.0082     ;
 e_r(          62 ) =   -1925.217     ;
 e_i(          62 ) =   0.0000000E+00 ;
 e_r(          63 ) =   -1439.205     ;
 e_i(          63 ) =    887.1414     ;
 e_r(          64 ) =   -1439.205     ;
 e_i(          64 ) =   -887.1414     ;
 e_r(          65 ) =   -1491.698     ;
 e_i(          65 ) =    809.2028     ;
 e_r(          66 ) =   -1491.698     ;
 e_i(          66 ) =   -809.2028     ;
 e_r(          67 ) =   -1379.852     ;
 e_i(          67 ) =    912.9060     ;
 e_r(          68 ) =   -1379.852     ;
 e_i(          68 ) =   -912.9060     ;
 e_r(          69 ) =   -1922.509     ;
 e_i(          69 ) =    64.75970     ;
 e_r(          70 ) =   -1922.509     ;
 e_i(          70 ) =   -64.75970     ;
 e_r(          71 ) =   -1321.930     ;
 e_i(          71 ) =    935.9156     ;
 e_r(          72 ) =   -1321.930     ;
 e_i(          72 ) =   -935.9156     ;
 e_r(          73 ) =   -1387.839     ;
 e_i(          73 ) =    863.1991     ;
 e_r(          74 ) =   -1387.839     ;
 e_i(          74 ) =   -863.1991     ;
 e_r(          75 ) =   -1433.269     ;
 e_i(          75 ) =    802.0428     ;
 e_r(          76 ) =   -1433.269     ;
 e_i(          76 ) =   -802.0428     ;
 e_r(          77 ) =   -1261.995     ;
 e_i(          77 ) =    954.8378     ;
 e_r(          78 ) =   -1261.995     ;
 e_i(          78 ) =   -954.8378     ;
 e_r(          79 ) =   -1317.256     ;
 e_i(          79 ) =    886.1450     ;
 e_r(          80 ) =   -1317.256     ;
 e_i(          80 ) =   -886.1450     ;
 e_r(          81 ) =   -1201.661     ;
 e_i(          81 ) =    967.5667     ;
 e_r(          82 ) =   -1201.661     ;
 e_i(          82 ) =   -967.5667     ;
 e_r(          83 ) =   -1251.600     ;
 e_i(          83 ) =    920.6606     ;
 e_r(          84 ) =   -1251.600     ;
 e_i(          84 ) =   -920.6606     ;
 e_r(          85 ) =   -1175.240     ;
 e_i(          85 ) =    953.8109     ;
 e_r(          86 ) =   -1175.240     ;
 e_i(          86 ) =   -953.8109     ;
 e_r(          87 ) =   -1134.977     ;
 e_i(          87 ) =    981.9799     ;
 e_r(          88 ) =   -1134.977     ;
 e_i(          88 ) =   -981.9799     ;
 e_r(          89 ) =   -1141.215     ;
 e_i(          89 ) =    979.0112     ;
 e_r(          90 ) =   -1141.215     ;
 e_i(          90 ) =   -979.0112     ;
 e_r(          91 ) =   -1080.123     ;
 e_i(          91 ) =    985.8545     ;
 e_r(          92 ) =   -1080.123     ;
 e_i(          92 ) =   -985.8545     ;
 e_r(          93 ) =   -1017.802     ;
 e_i(          93 ) =    989.1682     ;
 e_r(          94 ) =   -1017.802     ;
 e_i(          94 ) =   -989.1682     ;
 e_r(          95 ) =   -1076.506     ;
 e_i(          95 ) =    949.9371     ;
 e_r(          96 ) =   -1076.506     ;
 e_i(          96 ) =   -949.9371     ;
 e_r(          97 ) =   -953.2221     ;
 e_i(          97 ) =    988.4925     ;
 e_r(          98 ) =   -953.2221     ;
 e_i(          98 ) =   -988.4925     ;
 e_r(          99 ) =   -1000.152     ;
 e_i(          99 ) =    945.9418     ;
 e_r(         100 ) =   -1000.152     ;
 e_i(         100 ) =   -945.9418     ;
