 qtlmlwlim(           1 ,           1 ) =   5.8388461E-13 ;
 qtlmlwlim(           1 ,           2 ) =   6.8385055E-11 ;
 qtlmlwlim(           1 ,           3 ) =   7.8492857E-09 ;
 qtlmlwlim(           1 ,           4 ) =   2.5595924E-07 ;
 qtlmlwlim(           1 ,           5 ) =   1.5350493E-06 ;
 qtlmlwlim(           1 ,           6 ) =   1.5350493E-06 ;
 qtlmlwlim(           1 ,           7 ) =   2.3052731E-07 ;
 qtlmlwlim(           1 ,           8 ) =   6.8781278E-09 ;
 qtlmlwlim(           1 ,           9 ) =   6.1754657E-11 ;
 qtlmlwlim(           1 ,          10 ) =   4.9162513E-13 ;
 qtlmlwlim(           2 ,           1 ) =   8.6083247E-14 ;
 qtlmlwlim(           2 ,           2 ) =   3.3458718E-11 ;
 qtlmlwlim(           2 ,           3 ) =   3.7379682E-09 ;
 qtlmlwlim(           2 ,           4 ) =   1.2058570E-07 ;
 qtlmlwlim(           2 ,           5 ) =   7.1675612E-07 ;
 qtlmlwlim(           2 ,           6 ) =   7.1675618E-07 ;
 qtlmlwlim(           2 ,           7 ) =   1.0974895E-07 ;
 qtlmlwlim(           2 ,           8 ) =   3.2960787E-09 ;
 qtlmlwlim(           2 ,           9 ) =   2.9882277E-11 ;
 qtlmlwlim(           2 ,          10 ) =   5.4913197E-13 ;
 qtlmlwlim(           3 ,           1 ) =  -1.7989337E-13 ;
 qtlmlwlim(           3 ,           2 ) =   1.5374107E-11 ;
 qtlmlwlim(           3 ,           3 ) =   1.6830799E-09 ;
 qtlmlwlim(           3 ,           4 ) =   5.3705318E-08 ;
 qtlmlwlim(           3 ,           5 ) =   3.1667315E-07 ;
 qtlmlwlim(           3 ,           6 ) =   3.1667290E-07 ;
 qtlmlwlim(           3 ,           7 ) =   4.9344440E-08 ;
 qtlmlwlim(           3 ,           8 ) =   1.4923702E-09 ;
 qtlmlwlim(           3 ,           9 ) =   1.3421077E-11 ;
 qtlmlwlim(           3 ,          10 ) =   1.0087546E-13 ;
 qtlmlwlim(           4 ,           1 ) =   4.2096521E-14 ;
 qtlmlwlim(           4 ,           2 ) =   6.4221571E-12 ;
 qtlmlwlim(           4 ,           3 ) =   7.1892031E-10 ;
 qtlmlwlim(           4 ,           4 ) =   2.2697042E-08 ;
 qtlmlwlim(           4 ,           5 ) =   1.3287453E-07 ;
 qtlmlwlim(           4 ,           6 ) =   1.3287476E-07 ;
 qtlmlwlim(           4 ,           7 ) =   2.1037181E-08 ;
 qtlmlwlim(           4 ,           8 ) =   6.4077926E-10 ;
 qtlmlwlim(           4 ,           9 ) =   5.9363872E-12 ;
 qtlmlwlim(           4 ,          10 ) =  -3.4192812E-13 ;
 qtlmlwlim(           5 ,           1 ) =   4.8919224E-13 ;
 qtlmlwlim(           5 ,           2 ) =   2.3477607E-12 ;
 qtlmlwlim(           5 ,           3 ) =   2.9133265E-10 ;
 qtlmlwlim(           5 ,           4 ) =   9.1272625E-09 ;
 qtlmlwlim(           5 ,           5 ) =   5.3105328E-08 ;
 qtlmlwlim(           5 ,           6 ) =   5.3105243E-08 ;
 qtlmlwlim(           5 ,           7 ) =   8.5289562E-09 ;
 qtlmlwlim(           5 ,           8 ) =   2.6089253E-10 ;
 qtlmlwlim(           5 ,           9 ) =   2.6787802E-12 ;
 qtlmlwlim(           5 ,          10 ) =  -1.8706838E-13 ;
 qtlmlwlim(           6 ,           1 ) =   5.7102706E-13 ;
 qtlmlwlim(           6 ,           2 ) =   7.3799555E-13 ;
 qtlmlwlim(           6 ,           3 ) =   1.1138188E-10 ;
 qtlmlwlim(           6 ,           4 ) =   3.4986132E-09 ;
 qtlmlwlim(           6 ,           5 ) =   2.0265528E-08 ;
 qtlmlwlim(           6 ,           6 ) =   2.0265224E-08 ;
 qtlmlwlim(           6 ,           7 ) =   3.2945018E-09 ;
 qtlmlwlim(           6 ,           8 ) =   1.0006142E-10 ;
 qtlmlwlim(           6 ,           9 ) =   1.0700156E-12 ;
 qtlmlwlim(           6 ,          10 ) =   1.7121933E-13 ;
 qtlmlwlim(           7 ,           1 ) =   2.1392869E-14 ;
 qtlmlwlim(           7 ,           2 ) =   2.0796987E-13 ;
 qtlmlwlim(           7 ,           3 ) =   3.9797908E-11 ;
 qtlmlwlim(           7 ,           4 ) =   1.2825685E-09 ;
 qtlmlwlim(           7 ,           5 ) =   7.4172113E-09 ;
 qtlmlwlim(           7 ,           6 ) =   7.4176500E-09 ;
 qtlmlwlim(           7 ,           7 ) =   1.2178657E-09 ;
 qtlmlwlim(           7 ,           8 ) =   3.5775206E-11 ;
 qtlmlwlim(           7 ,           9 ) =   2.4704086E-13 ;
 qtlmlwlim(           7 ,          10 ) =   2.9242987E-13 ;
 qtlmlwlim(           8 ,           1 ) =  -7.7227558E-13 ;
 qtlmlwlim(           8 ,           2 ) =   4.4717895E-14 ;
 qtlmlwlim(           8 ,           3 ) =   1.3260757E-11 ;
 qtlmlwlim(           8 ,           4 ) =   4.5260962E-10 ;
 qtlmlwlim(           8 ,           5 ) =   2.6222267E-09 ;
 qtlmlwlim(           8 ,           6 ) =   2.6230593E-09 ;
 qtlmlwlim(           8 ,           7 ) =   4.3367088E-10 ;
 qtlmlwlim(           8 ,           8 ) =   1.1908893E-11 ;
 qtlmlwlim(           8 ,           9 ) =  -4.7839774E-14 ;
 qtlmlwlim(           8 ,          10 ) =   1.8028966E-13 ;
 qtlmlwlim(           9 ,           1 ) =  -1.1651389E-12 ;
 qtlmlwlim(           9 ,           2 ) =   1.4744197E-13 ;
 qtlmlwlim(           9 ,           3 ) =   3.9856720E-12 ;
 qtlmlwlim(           9 ,           4 ) =   1.4590286E-10 ;
 qtlmlwlim(           9 ,           5 ) =   8.4756391E-10 ;
 qtlmlwlim(           9 ,           6 ) =   8.4694718E-10 ;
 qtlmlwlim(           9 ,           7 ) =   1.3641220E-10 ;
 qtlmlwlim(           9 ,           8 ) =   3.5107149E-12 ;
 qtlmlwlim(           9 ,           9 ) =  -6.1907897E-14 ;
 qtlmlwlim(           9 ,          10 ) =   9.0462378E-23 ;
 qtlmlwlim(          10 ,           1 ) =  -7.4564920E-13 ;
 qtlmlwlim(          10 ,           2 ) =  -5.6955048E-13 ;
 qtlmlwlim(          10 ,           3 ) =   7.9878020E-13 ;
 qtlmlwlim(          10 ,           4 ) =   2.5482446E-11 ;
 qtlmlwlim(          10 ,           5 ) =   1.4639814E-10 ;
 qtlmlwlim(          10 ,           6 ) =   1.4363669E-10 ;
 qtlmlwlim(          10 ,           7 ) =   1.7176960E-11 ;
 qtlmlwlim(          10 ,           8 ) =   5.2132105E-13 ;
 qtlmlwlim(          10 ,           9 ) =   5.4613730E-14 ;
 qtlmlwlim(          10 ,          10 ) =  -1.3082356E-12 ;
 qtlmlwlim(          11 ,           1 ) =   4.7250984E-13 ;
 qtlmlwlim(          11 ,           2 ) =  -7.4150565E-13 ;
 qtlmlwlim(          11 ,           3 ) =  -7.2941105E-13 ;
 qtlmlwlim(          11 ,           4 ) =  -5.0460081E-13 ;
 qtlmlwlim(          11 ,           5 ) =   4.1237228E-13 ;
 qtlmlwlim(          11 ,           6 ) =  -4.7315092E-13 ;
 qtlmlwlim(          11 ,           7 ) =  -4.7315152E-13 ;
 qtlmlwlim(          11 ,           8 ) =  -4.7315157E-13 ;
 qtlmlwlim(          11 ,           9 ) =  -4.7315157E-13 ;
 qtlmlwlim(          11 ,          10 ) =  -9.5500451E-14 ;
 qtlmlwlim(          12 ,           1 ) =   2.0121686E-12 ;
 qtlmlwlim(          12 ,           2 ) =   1.2957845E-10 ;
 qtlmlwlim(          12 ,           3 ) =   2.0664570E-08 ;
 qtlmlwlim(          12 ,           4 ) =   8.8602741E-07 ;
 qtlmlwlim(          12 ,           5 ) =   7.2685730E-06 ;
 qtlmlwlim(          12 ,           6 ) =   7.2685748E-06 ;
 qtlmlwlim(          12 ,           7 ) =   1.4281652E-06 ;
 qtlmlwlim(          12 ,           8 ) =   3.7133251E-08 ;
 qtlmlwlim(          12 ,           9 ) =   2.4217928E-10 ;
 qtlmlwlim(          12 ,          10 ) =   1.8084092E-12 ;
 qtlmlwlim(          13 ,           1 ) =   3.2278796E-12 ;
 qtlmlwlim(          13 ,           2 ) =   5.6038052E-10 ;
 qtlmlwlim(          13 ,           3 ) =   7.4848955E-08 ;
 qtlmlwlim(          13 ,           4 ) =   2.7420242E-06 ;
 qtlmlwlim(          13 ,           5 ) =   1.9190928E-05 ;
 qtlmlwlim(          13 ,           6 ) =   1.9190929E-05 ;
 qtlmlwlim(          13 ,           7 ) =   3.4002683E-06 ;
 qtlmlwlim(          13 ,           8 ) =   9.4295117E-08 ;
 qtlmlwlim(          13 ,           9 ) =   7.0848905E-10 ;
 qtlmlwlim(          13 ,          10 ) =   3.1239766E-12 ;
 qtlmlwlim(          14 ,           1 ) =   3.8177243E-12 ;
 qtlmlwlim(          14 ,           2 ) =   8.3110624E-10 ;
 qtlmlwlim(          14 ,           3 ) =   1.0623401E-07 ;
