 maxevals(           1 ) =   2.0382962E-13 ;
 maxevals(           2 ) =   2.0382962E-13 ;
 maxevals(           3 ) =   2.0382962E-13 ;
 maxevals(           4 ) =   2.0382962E-13 ;
 maxevals(           5 ) =   2.0382962E-13 ;
 maxevals(           6 ) =   2.0382962E-13 ;
 maxevals(           7 ) =   2.0382962E-13 ;
 maxevals(           8 ) =   2.0382962E-13 ;
 maxevals(           9 ) =   2.0382962E-13 ;
 maxevals(          10 ) =   2.0382962E-13 ;
 maxevals(          11 ) =   4.3778226E-02 ;
 maxevals(          12 ) =  -3.3283130E-14 ;
 maxevals(          13 ) =  -3.3283130E-14 ;
 maxevals(          14 ) =  -2.2395953E-14 ;
 maxevals(          15 ) =  -3.9544821E-13 ;
 maxevals(          16 ) =  -8.8304174E-13 ;
 maxevals(          17 ) =  -2.1297309E-13 ;
 maxevals(          18 ) =  -2.1297309E-13 ;
 maxevals(          19 ) =  -2.2355564E-13 ;
 maxevals(          20 ) =  -8.7207714E-14 ;
 maxevals(          21 ) =   9.0228140E-13 ;
 maxevals(          22 ) =  -1.4053521E-13 ;
 maxevals(          23 ) =  -1.4053521E-13 ;
 maxevals(          24 ) =   9.6840877E-14 ;
 maxevals(          25 ) =   2.5310545E-13 ;
 maxevals(          26 ) =   7.6273257E-14 ;
 maxevals(          27 ) =   7.6273257E-14 ;
 maxevals(          28 ) =   7.6273257E-14 ;
 maxevals(          29 ) =   7.6273257E-14 ;
 maxevals(          30 ) =  -8.6905613E-13 ;
 maxevals(          31 ) =   2.2169162E-13 ;
 maxevals(          32 ) =   1.6667223E-14 ;
 maxevals(          33 ) =   4.9933500E-13 ;
 maxevals(          34 ) =   2.4932240E-13 ;
 maxevals(          35 ) =  -4.6216964E-13 ;
 maxevals(          36 ) =   3.4885799E-13 ;
 maxevals(          37 ) =   3.4885799E-13 ;
 maxevals(          38 ) =  -1.8319181E-13 ;
 maxevals(          39 ) =   3.7892706E-13 ;
 maxevals(          40 ) =   8.6544541E-13 ;
 maxevals(          41 ) =  -6.9887320E-14 ;
 maxevals(          42 ) =    2.515057     ;
 maxevals(          43 ) =    4.009645     ;
 maxevals(          44 ) =  -5.2009144E-14 ;
 maxevals(          45 ) =  -5.2009144E-14 ;
 maxevals(          46 ) =    7.906805     ;
 maxevals(          47 ) =  -2.0408696E-13 ;
 maxevals(          48 ) =  -2.0408696E-13 ;
 maxevals(          49 ) =  -2.0408696E-13 ;
 maxevals(          50 ) =    4.705416     ;
 maxevals(          51 ) =  -1.3341688E-13 ;
 maxevals(          52 ) =  -4.5497395E-13 ;
 maxevals(          53 ) =  -4.5497395E-13 ;
 maxevals(          54 ) =   7.1221620E-14 ;
 maxevals(          55 ) =  -3.0995124E-14 ;
 maxevals(          56 ) =  -8.3259456E-14 ;
 maxevals(          57 ) =   2.2864231E-14 ;
 maxevals(          58 ) =  -2.3340669E-13 ;
 maxevals(          59 ) =   3.5303327E-14 ;
 maxevals(          60 ) =  -7.6266454E-14 ;
 maxevals(          61 ) =   1.4078242E-13 ;
 maxevals(          62 ) =  -5.7910071E-14 ;
 maxevals(          63 ) =  -5.7910071E-14 ;
 maxevals(          64 ) =  -2.6685755E-13 ;
 maxevals(          65 ) =   5.6807040E-15 ;
 maxevals(          66 ) =   1.2075608E-13 ;
 maxevals(          67 ) =   1.2075608E-13 ;
 maxevals(          68 ) =   8.6965157E-14 ;
 maxevals(          69 ) =   1.2594441E-13 ;
 maxevals(          70 ) =   1.2594441E-13 ;
 maxevals(          71 ) =   1.2594441E-13 ;
 maxevals(          72 ) =  -1.9034851E-13 ;
 maxevals(          73 ) =  -1.9034851E-13 ;
 maxevals(          74 ) =  -1.8512474E-13 ;
 maxevals(          75 ) =  -1.8512474E-13 ;
 maxevals(          76 ) =  -4.0924328E-13 ;
 maxevals(          77 ) =    5.569573     ;
 maxevals(          78 ) =   1.7612115E-13 ;
 maxevals(          79 ) =  -5.1919688E-13 ;
 maxevals(          80 ) =    7.016717     ;
 maxevals(          81 ) =  -5.2514633E-13 ;
 maxevals(          82 ) =  -3.4826620E-13 ;
 maxevals(          83 ) =   5.3771272E-13 ;
 maxevals(          84 ) =  -2.1427304E-13 ;
 maxevals(          85 ) =  -2.4061818E-13 ;
 maxevals(          86 ) =   2.4575069E-13 ;
 maxevals(          87 ) =  -2.1139587E-13 ;
 maxevals(          88 ) =   3.6972404E-12 ;
 maxevals(          89 ) =   1.6223421E-13 ;
 maxevals(          90 ) =  -1.2351231E-14 ;
 maxevals(          91 ) =  -1.2351231E-14 ;
 maxevals(          92 ) =  -1.2351231E-14 ;
 maxevals(          93 ) =   3.2044156E-13 ;
 maxevals(          94 ) =  -7.9502987E-14 ;
 maxevals(          95 ) =  -7.9502987E-14 ;
 maxevals(          96 ) =  -7.9502987E-14 ;
 maxevals(          97 ) =   1.3132032E-13 ;
 maxevals(          98 ) =  -2.6025053E-13 ;
 maxevals(          99 ) =  -2.6025053E-13 ;
 maxevals(         100 ) =  -2.6025053E-13 ;
 maxevals(         101 ) =  -2.2312531E-13 ;
 maxevals(         102 ) =   1.7572055E-13 ;
 maxevals(         103 ) =  -1.7388024E-14 ;
 maxevals(         104 ) =  -1.7388024E-14 ;
 maxevals(         105 ) =  -2.3752406E-13 ;
 maxevals(         106 ) =  -1.8588391E-13 ;
 maxevals(         107 ) =  -6.9377972E-13 ;
 maxevals(         108 ) =  -2.9669024E-13 ;
 maxevals(         109 ) =  -2.9669024E-13 ;
 maxevals(         110 ) =   2.2874706E-13 ;
 maxevals(         111 ) =   1.0098077E-13 ;
 maxevals(         112 ) =   1.0098077E-13 ;
 maxevals(         113 ) =  -1.2758914E-13 ;
 maxevals(         114 ) =  -1.2758914E-13 ;
 maxevals(         115 ) =  -4.0346985E-13 ;
 maxevals(         116 ) =   1.2515024E-13 ;
 maxevals(         117 ) =   1.2515024E-13 ;
 maxevals(         118 ) =    2.455836     ;
 maxevals(         119 ) =   1.0335815E-13 ;
 maxevals(         120 ) =   1.0335815E-13 ;
 maxevals(         121 ) =  -3.2236383E-13 ;
 maxevals(         122 ) =   1.8781793E-12 ;
 maxevals(         123 ) =  -2.1250050E-13 ;
 maxevals(         124 ) =  -2.1250050E-13 ;
 maxevals(         125 ) =  -2.1250050E-13 ;
 maxevals(         126 ) =  -2.1250050E-13 ;
 maxevals(         127 ) =  -1.5735341E-13 ;
 maxevals(         128 ) =  -1.3144019E-13 ;
 maxevals(         129 ) =  -5.7619155E-13 ;
 maxevals(         130 ) =  -5.7619155E-13 ;
 maxevals(         131 ) =   0.1515574     ;
 maxevals(         132 ) =  -1.3042211E-13 ;
 maxevals(         133 ) =   2.5753483E-14 ;
 maxevals(         134 ) =  -1.6599257E-14 ;
 maxevals(         135 ) =  -1.6599257E-14 ;
 maxevals(         136 ) =  -1.1309471E-13 ;
 maxevals(         137 ) =   2.0629894E-13 ;
 maxevals(         138 ) =  -8.5253012E-14 ;
 maxevals(         139 ) =  -1.4556773E-13 ;
 maxevals(         140 ) =  -5.8855142E-14 ;
 maxevals(         141 ) =   1.1404646E-14 ;
 maxevals(         142 ) =   1.1404646E-14 ;
 maxevals(         143 ) =   0.2274985     ;
 maxevals(         144 ) =   1.2665012E-12 ;
 maxevals(         145 ) =   1.2665012E-12 ;
 maxevals(         146 ) =  -4.0078973E-13 ;
 maxevals(         147 ) =  -3.4885826E-13 ;
 maxevals(         148 ) =  -3.4885826E-13 ;
 maxevals(         149 ) =    8.080018     ;
 maxevals(         150 ) =   3.3267112E-13 ;
 maxevals(         151 ) =   3.3267112E-13 ;
 maxevals(         152 ) =  -3.6170524E-13 ;
 maxevals(         153 ) =  -3.3087386E-13 ;
 maxevals(         154 ) =  -3.3087386E-13 ;
 maxevals(         155 ) =  -3.3087386E-13 ;
 maxevals(         156 ) =  -1.5601497E-13 ;
 maxevals(         157 ) =   2.6524852E-13 ;
 maxevals(         158 ) =   2.0723154E-13 ;
 maxevals(         159 ) =   2.0723154E-13 ;
 maxevals(         160 ) =  -4.8830709E-13 ;
 maxevals(         161 ) =  -1.6403866E-13 ;
 maxevals(         162 ) =  -8.1633864E-14 ;
 maxevals(         163 ) =   1.1535538E-14 ;
 maxevals(         164 ) =  -3.3507948E-13 ;
 maxevals(         165 ) =  -2.1588280E-13 ;
 maxevals(         166 ) =   5.0849001E-13 ;
 maxevals(         167 ) =  -4.1038524E-13 ;
 maxevals(         168 ) =  -3.2671232E-13 ;
 maxevals(         169 ) =  -3.2671232E-13 ;
 maxevals(         170 ) =  -3.2671232E-13 ;
 maxevals(         171 ) =  -1.7571335E-13 ;
 maxevals(         172 ) =  -1.4123338E-13 ;
 maxevals(         173 ) =  -1.4123338E-13 ;
 maxevals(         174 ) =  -1.4123338E-13 ;
 maxevals(         175 ) =  -1.4123338E-13 ;
 maxevals(         176 ) =  -1.4123338E-13 ;
 maxevals(         177 ) =   1.0327342E-14 ;
