 maxevals(           1 ) =    4.441210     ;
 maxevals(           2 ) =   0.5678861     ;
 maxevals(           3 ) =  -1.3901934E-12 ;
 maxevals(           4 ) =    9.457664     ;
 maxevals(           5 ) =   4.1337112E-14 ;
 maxevals(           6 ) =   4.1337112E-14 ;
 maxevals(           7 ) =   4.1337112E-14 ;
 maxevals(           8 ) =   4.1337112E-14 ;
 maxevals(           9 ) =   4.1337112E-14 ;
 maxevals(          10 ) =   7.6739667E-14 ;
 maxevals(          11 ) =  -1.5160350E-13 ;
 maxevals(          12 ) =  -2.6459062E-13 ;
 maxevals(          13 ) =  -6.1060112E-14 ;
 maxevals(          14 ) =  -1.6468060E-12 ;
 maxevals(          15 ) =  -1.6468060E-12 ;
 maxevals(          16 ) =  -1.6468060E-12 ;
 maxevals(          17 ) =  -1.6468060E-12 ;
 maxevals(          18 ) =  -1.6468060E-12 ;
 maxevals(          19 ) =  -1.6468060E-12 ;
 maxevals(          20 ) =  -1.6468060E-12 ;
 maxevals(          21 ) =  -1.6468060E-12 ;
 maxevals(          22 ) =  -1.6468060E-12 ;
 maxevals(          23 ) =  -1.6468060E-12 ;
 maxevals(          24 ) =  -1.6468060E-12 ;
 maxevals(          25 ) =  -1.6468060E-12 ;
 maxevals(          26 ) =  -1.6468060E-12 ;
 maxevals(          27 ) =  -1.6468060E-12 ;
 maxevals(          28 ) =  -1.6468060E-12 ;
 maxevals(          29 ) =  -1.6468060E-12 ;
 maxevals(          30 ) =   2.2639134E-14 ;
 maxevals(          31 ) =   2.2639134E-14 ;
 maxevals(          32 ) =   2.2639134E-14 ;
 maxevals(          33 ) =   2.2639134E-14 ;
 maxevals(          34 ) =   2.2639134E-14 ;
 maxevals(          35 ) =   2.2639134E-14 ;
 maxevals(          36 ) =   2.2639134E-14 ;
 maxevals(          37 ) =   2.2639134E-14 ;
 maxevals(          38 ) =   2.2639134E-14 ;
 maxevals(          39 ) =   2.2639134E-14 ;
 maxevals(          40 ) =   2.2639134E-14 ;
 maxevals(          41 ) =   2.2639134E-14 ;
 maxevals(          42 ) =   2.2639134E-14 ;
 maxevals(          43 ) =   2.2639134E-14 ;
 maxevals(          44 ) =   2.2639134E-14 ;
 maxevals(          45 ) =   2.2639134E-14 ;
 maxevals(          46 ) =   2.2639134E-14 ;
 maxevals(          47 ) =   2.2639134E-14 ;
 maxevals(          48 ) =   2.2639134E-14 ;
 maxevals(          49 ) =   2.2639134E-14 ;
 maxevals(          50 ) =   2.2639134E-14 ;
 maxevals(          51 ) =   2.2639134E-14 ;
 maxevals(          52 ) =   2.2639134E-14 ;
 maxevals(          53 ) =   2.2639134E-14 ;
 maxevals(          54 ) =   2.2639134E-14 ;
 maxevals(          55 ) =   2.2639134E-14 ;
 maxevals(          56 ) =   2.2639134E-14 ;
 maxevals(          57 ) =   2.2639134E-14 ;
 maxevals(          58 ) =   2.2639134E-14 ;
 maxevals(          59 ) =   2.2639134E-14 ;
 maxevals(          60 ) =  -2.0631633E-13 ;
 maxevals(          61 ) =  -2.0631633E-13 ;
 maxevals(          62 ) =  -2.0631633E-13 ;
 maxevals(          63 ) =  -2.0631633E-13 ;
 maxevals(          64 ) =  -2.0631633E-13 ;
 maxevals(          65 ) =  -2.0631633E-13 ;
 maxevals(          66 ) =  -2.0631633E-13 ;
 maxevals(          67 ) =  -2.0631633E-13 ;
 maxevals(          68 ) =  -2.0631633E-13 ;
 maxevals(          69 ) =  -2.0631633E-13 ;
 maxevals(          70 ) =  -2.0631633E-13 ;
 maxevals(          71 ) =  -2.0631633E-13 ;
 maxevals(          72 ) =  -7.7350981E-14 ;
 maxevals(          73 ) =  -7.7350981E-14 ;
 maxevals(          74 ) =  -7.7350981E-14 ;
 maxevals(          75 ) =   6.9280085E-13 ;
 maxevals(          76 ) =   6.9280085E-13 ;
 maxevals(          77 ) =   6.9280085E-13 ;
 maxevals(          78 ) =   6.9280085E-13 ;
 maxevals(          79 ) =   6.9280085E-13 ;
 maxevals(          80 ) =   6.9280085E-13 ;
 maxevals(          81 ) =   6.9280085E-13 ;
 maxevals(          82 ) =   6.9280085E-13 ;
 maxevals(          83 ) =   6.9280085E-13 ;
 maxevals(          84 ) =   6.9280085E-13 ;
 maxevals(          85 ) =   6.9280085E-13 ;
 maxevals(          86 ) =   6.9280085E-13 ;
 maxevals(          87 ) =   6.9280085E-13 ;
 maxevals(          88 ) =   6.9280085E-13 ;
 maxevals(          89 ) =   6.9280085E-13 ;
 maxevals(          90 ) =   6.9280085E-13 ;
 maxevals(          91 ) =   6.9280085E-13 ;
 maxevals(          92 ) =  -1.6161650E-13 ;
 maxevals(          93 ) =  -1.6161650E-13 ;
 maxevals(          94 ) =  -1.6161650E-13 ;
 maxevals(          95 ) =  -1.6161650E-13 ;
 maxevals(          96 ) =  -1.6161650E-13 ;
 maxevals(          97 ) =  -1.2713788E-13 ;
 maxevals(          98 ) =  -9.3987453E-14 ;
 maxevals(          99 ) =   4.9984577E-13 ;
 maxevals(         100 ) =  -1.2449435E-13 ;
 maxevals(         101 ) =  -1.2449435E-13 ;
 maxevals(         102 ) =  -1.2449435E-13 ;
 maxevals(         103 ) =  -1.2449435E-13 ;
 maxevals(         104 ) =  -1.2449435E-13 ;
 maxevals(         105 ) =  -1.2449435E-13 ;
 maxevals(         106 ) =  -1.2449435E-13 ;
 maxevals(         107 ) =  -2.2536152E-13 ;
 maxevals(         108 ) =  -2.2536152E-13 ;
 maxevals(         109 ) =  -2.2536152E-13 ;
 maxevals(         110 ) =  -5.9881565E-13 ;
 maxevals(         111 ) =  -2.1320086E-13 ;
 maxevals(         112 ) =  -2.1320086E-13 ;
 maxevals(         113 ) =   1.1027586E-13 ;
 maxevals(         114 ) =   1.1027586E-13 ;
 maxevals(         115 ) =   1.1027586E-13 ;
 maxevals(         116 ) =   1.1027586E-13 ;
 maxevals(         117 ) =   1.1027586E-13 ;
 maxevals(         118 ) =   1.1027586E-13 ;
 maxevals(         119 ) =   1.1027586E-13 ;
 maxevals(         120 ) =   1.1027586E-13 ;
 maxevals(         121 ) =   1.1027586E-13 ;
 maxevals(         122 ) =   1.1027586E-13 ;
 maxevals(         123 ) =   1.1027586E-13 ;
 maxevals(         124 ) =  -2.4097637E-13 ;
 maxevals(         125 ) =  -2.4097637E-13 ;
 maxevals(         126 ) =  -2.4097637E-13 ;
 maxevals(         127 ) =  -1.6913832E-13 ;
 maxevals(         128 ) =  -1.6913832E-13 ;
 maxevals(         129 ) =  -1.6913832E-13 ;
 maxevals(         130 ) =  -1.6913832E-13 ;
 maxevals(         131 ) =  -1.6913832E-13 ;
 maxevals(         132 ) =   2.3750311E-13 ;
 maxevals(         133 ) =  -4.4354789E-14 ;
 maxevals(         134 ) =  -1.9731332E-13 ;
 maxevals(         135 ) =  -1.9731332E-13 ;
 maxevals(         136 ) =  -1.9731332E-13 ;
 maxevals(         137 ) =  -1.9731332E-13 ;
 maxevals(         138 ) =  -1.9731332E-13 ;
 maxevals(         139 ) =  -1.9731332E-13 ;
 maxevals(         140 ) =  -1.9731332E-13 ;
 maxevals(         141 ) =  -1.9731332E-13 ;
 maxevals(         142 ) =  -1.9731332E-13 ;
 maxevals(         143 ) =  -1.9731332E-13 ;
 maxevals(         144 ) =  -1.9731332E-13 ;
 maxevals(         145 ) =  -1.9731332E-13 ;
 maxevals(         146 ) =  -1.9731332E-13 ;
 maxevals(         147 ) =  -1.9731332E-13 ;
 maxevals(         148 ) =  -1.9731332E-13 ;
 maxevals(         149 ) =  -1.9731332E-13 ;
 maxevals(         150 ) =  -1.9731332E-13 ;
 maxevals(         151 ) =  -1.9731332E-13 ;
 maxevals(         152 ) =  -1.9731332E-13 ;
 maxevals(         153 ) =   1.4696528E-13 ;
 maxevals(         154 ) =   1.4696528E-13 ;
 maxevals(         155 ) =   1.4696528E-13 ;
 maxevals(         156 ) =  -1.5200077E-13 ;
 maxevals(         157 ) =  -1.5200077E-13 ;
 maxevals(         158 ) =  -1.5200077E-13 ;
 maxevals(         159 ) =  -1.5200077E-13 ;
 maxevals(         160 ) =  -1.5200077E-13 ;
 maxevals(         161 ) =  -1.5200077E-13 ;
 maxevals(         162 ) =  -1.5200077E-13 ;
 maxevals(         163 ) =  -1.5200077E-13 ;
 maxevals(         164 ) =  -1.5200077E-13 ;
 maxevals(         165 ) =  -1.5200077E-13 ;
 maxevals(         166 ) =   1.2863664E-13 ;
 maxevals(         167 ) =   1.2863664E-13 ;
 maxevals(         168 ) =   1.2863664E-13 ;
 maxevals(         169 ) =  -7.2251226E-14 ;
 maxevals(         170 ) =  -1.6836916E-13 ;
 maxevals(         171 ) =  -1.6836916E-13 ;
 maxevals(         172 ) =  -1.6836916E-13 ;
 maxevals(         173 ) =  -1.6836916E-13 ;
 maxevals(         174 ) =  -1.6836916E-13 ;
 maxevals(         175 ) =  -1.6836916E-13 ;
 maxevals(         176 ) =  -1.6836916E-13 ;
 maxevals(         177 ) =  -1.6836916E-13 ;
