 e_r(           1 ) =   -1700.423     ;
 e_i(           1 ) =    713.3040     ;
 e_r(           2 ) =   -1700.423     ;
 e_i(           2 ) =   -713.3040     ;
 e_r(           3 ) =   -1702.095     ;
 e_i(           3 ) =    711.6566     ;
 e_r(           4 ) =   -1702.095     ;
 e_i(           4 ) =   -711.6566     ;
 e_r(           5 ) =   -1958.833     ;
 e_i(           5 ) =    282.9331     ;
 e_r(           6 ) =   -1958.833     ;
 e_i(           6 ) =   -282.9331     ;
 e_r(           7 ) =   -1959.587     ;
 e_i(           7 ) =    280.3665     ;
 e_r(           8 ) =   -1959.587     ;
 e_i(           8 ) =   -280.3665     ;
 e_r(           9 ) =   -1974.663     ;
 e_i(           9 ) =    222.3357     ;
 e_r(          10 ) =   -1974.663     ;
 e_i(          10 ) =   -222.3357     ;
 e_r(          11 ) =   -1975.605     ;
 e_i(          11 ) =    218.1588     ;
 e_r(          12 ) =   -1975.605     ;
 e_i(          12 ) =   -218.1588     ;
 e_r(          13 ) =   -1987.319     ;
 e_i(          13 ) =    156.8357     ;
 e_r(          14 ) =   -1987.319     ;
 e_i(          14 ) =   -156.8357     ;
 e_r(          15 ) =   -1986.959     ;
 e_i(          15 ) =    159.0779     ;
 e_r(          16 ) =   -1986.959     ;
 e_i(          16 ) =   -159.0779     ;
 e_r(          17 ) =   -1915.247     ;
 e_i(          17 ) =    402.1437     ;
 e_r(          18 ) =   -1915.247     ;
 e_i(          18 ) =   -402.1437     ;
 e_r(          19 ) =   -1916.414     ;
 e_i(          19 ) =    399.4754     ;
 e_r(          20 ) =   -1916.414     ;
 e_i(          20 ) =   -399.4754     ;
 e_r(          21 ) =   -1889.287     ;
 e_i(          21 ) =    456.6825     ;
 e_r(          22 ) =   -1889.287     ;
 e_i(          22 ) =   -456.6825     ;
 e_r(          23 ) =   -1939.788     ;
 e_i(          23 ) =    340.8845     ;
 e_r(          24 ) =   -1939.788     ;
 e_i(          24 ) =   -340.8845     ;
 e_r(          25 ) =   -1744.299     ;
 e_i(          25 ) =    667.4070     ;
 e_r(          26 ) =   -1744.299     ;
 e_i(          26 ) =   -667.4070     ;
 e_r(          27 ) =   -1887.848     ;
 e_i(          27 ) =    459.4745     ;
 e_r(          28 ) =   -1887.848     ;
 e_i(          28 ) =   -459.4745     ;
 e_r(          29 ) =   -1939.035     ;
 e_i(          29 ) =    342.9548     ;
 e_r(          30 ) =   -1939.035     ;
 e_i(          30 ) =   -342.9548     ;
 e_r(          31 ) =   -1995.323     ;
 e_i(          31 ) =    93.43001     ;
 e_r(          32 ) =   -1995.323     ;
 e_i(          32 ) =   -93.43001     ;
 e_r(          33 ) =   -1822.626     ;
 e_i(          33 ) =    568.0483     ;
 e_r(          34 ) =   -1822.626     ;
 e_i(          34 ) =   -568.0483     ;
 e_r(          35 ) =   -1824.212     ;
 e_i(          35 ) =    565.7424     ;
 e_r(          36 ) =   -1824.212     ;
 e_i(          36 ) =   -565.7424     ;
 e_r(          37 ) =   -1745.812     ;
 e_i(          37 ) =    665.7154     ;
 e_r(          38 ) =   -1745.812     ;
 e_i(          38 ) =   -665.7154     ;
 e_r(          39 ) =   -1995.021     ;
 e_i(          39 ) =    96.58901     ;
 e_r(          40 ) =   -1995.021     ;
 e_i(          40 ) =   -96.58901     ;
 e_r(          41 ) =   -1786.476     ;
 e_i(          41 ) =    617.1281     ;
 e_r(          42 ) =   -1786.476     ;
 e_i(          42 ) =   -617.1281     ;
 e_r(          43 ) =   -1785.131     ;
 e_i(          43 ) =    618.8378     ;
 e_r(          44 ) =   -1785.131     ;
 e_i(          44 ) =   -618.8378     ;
 e_r(          45 ) =   -1857.190     ;
 e_i(          45 ) =    514.4075     ;
 e_r(          46 ) =   -1857.190     ;
 e_i(          46 ) =   -514.4075     ;
 e_r(          47 ) =   -1858.255     ;
 e_i(          47 ) =    512.6318     ;
 e_r(          48 ) =   -1858.255     ;
 e_i(          48 ) =   -512.6318     ;
 e_r(          49 ) =   -1999.224     ;
 e_i(          49 ) =    30.65955     ;
 e_r(          50 ) =   -1999.224     ;
 e_i(          50 ) =   -30.65955     ;
 e_r(          51 ) =   -1655.786     ;
 e_i(          51 ) =    754.5475     ;
 e_r(          52 ) =   -1655.786     ;
 e_i(          52 ) =   -754.5475     ;
 e_r(          53 ) =   -1653.539     ;
 e_i(          53 ) =    756.4941     ;
 e_r(          54 ) =   -1653.539     ;
 e_i(          54 ) =   -756.4941     ;
 e_r(          55 ) =   -1999.155     ;
 e_i(          55 ) =    32.78520     ;
 e_r(          56 ) =   -1999.155     ;
 e_i(          56 ) =   -32.78520     ;
 e_r(          57 ) =   -1604.190     ;
 e_i(          57 ) =    796.4656     ;
 e_r(          58 ) =   -1604.190     ;
 e_i(          58 ) =   -796.4656     ;
 e_r(          59 ) =   -1606.676     ;
 e_i(          59 ) =    794.5742     ;
 e_r(          60 ) =   -1606.676     ;
 e_i(          60 ) =   -794.5742     ;
 e_r(          61 ) =   -1555.032     ;
 e_i(          61 ) =    831.4661     ;
 e_r(          62 ) =   -1555.032     ;
 e_i(          62 ) =   -831.4661     ;
 e_r(          63 ) =   -1552.476     ;
 e_i(          63 ) =    833.1667     ;
 e_r(          64 ) =   -1552.476     ;
 e_i(          64 ) =   -833.1667     ;
 e_r(          65 ) =   -1501.504     ;
 e_i(          65 ) =    864.7986     ;
 e_r(          66 ) =   -1501.504     ;
 e_i(          66 ) =   -864.7986     ;
 e_r(          67 ) =   -1498.167     ;
 e_i(          67 ) =    866.7241     ;
 e_r(          68 ) =   -1498.167     ;
 e_i(          68 ) =   -866.7241     ;
 e_r(          69 ) =   -1387.739     ;
 e_i(          69 ) =    921.4408     ;
 e_r(          70 ) =   -1387.739     ;
 e_i(          70 ) =   -921.4408     ;
 e_r(          71 ) =   -1442.386     ;
 e_i(          71 ) =    896.4907     ;
 e_r(          72 ) =   -1442.386     ;
 e_i(          72 ) =   -896.4907     ;
 e_r(          73 ) =   -1445.481     ;
 e_i(          73 ) =    894.9554     ;
 e_r(          74 ) =   -1445.481     ;
 e_i(          74 ) =   -894.9554     ;
 e_r(          75 ) =   -1384.713     ;
 e_i(          75 ) =    922.7083     ;
 e_r(          76 ) =   -1384.713     ;
 e_i(          76 ) =   -922.7083     ;
 e_r(          77 ) =   -1328.284     ;
 e_i(          77 ) =    944.2599     ;
 e_r(          78 ) =   -1328.284     ;
 e_i(          78 ) =   -944.2599     ;
 e_r(          79 ) =   -1325.697     ;
 e_i(          79 ) =    945.1556     ;
 e_r(          80 ) =   -1325.697     ;
 e_i(          80 ) =   -945.1556     ;
 e_r(          81 ) =   -1267.422     ;
 e_i(          81 ) =    963.2706     ;
 e_r(          82 ) =   -1267.422     ;
 e_i(          82 ) =   -963.2706     ;
 e_r(          83 ) =   -1265.362     ;
 e_i(          83 ) =    963.8411     ;
 e_r(          84 ) =   -1265.362     ;
 e_i(          84 ) =   -963.8411     ;
 e_r(          85 ) =   -1203.144     ;
 e_i(          85 ) =    978.8470     ;
 e_r(          86 ) =   -1203.144     ;
 e_i(          86 ) =   -978.8470     ;
 e_r(          87 ) =   -1206.331     ;
 e_i(          87 ) =    978.1813     ;
 e_r(          88 ) =   -1206.331     ;
 e_i(          88 ) =   -978.1813     ;
 e_r(          89 ) =   -1140.896     ;
 e_i(          89 ) =    989.7197     ;
 e_r(          90 ) =   -1140.896     ;
 e_i(          90 ) =   -989.7197     ;
 e_r(          91 ) =   -1143.638     ;
 e_i(          91 ) =    989.3257     ;
 e_r(          92 ) =   -1143.638     ;
 e_i(          92 ) =   -989.3257     ;
 e_r(          93 ) =   -1080.592     ;
 e_i(          93 ) =    996.4382     ;
 e_r(          94 ) =   -1080.592     ;
 e_i(          94 ) =   -996.4382     ;
 e_r(          95 ) =   -1077.867     ;
 e_i(          95 ) =    996.6553     ;
 e_r(          96 ) =   -1077.867     ;
 e_i(          96 ) =   -996.6553     ;
 e_r(          97 ) =   -1016.735     ;
 e_i(          97 ) =    999.5601     ;
 e_r(          98 ) =   -1016.735     ;
 e_i(          98 ) =   -999.5601     ;
 e_r(          99 ) =   -1015.061     ;
 e_i(          99 ) =    999.5812     ;
 e_r(         100 ) =   -1015.061     ;
 e_i(         100 ) =   -999.5812     ;
