  ak(1) =     1.000000; bk(1) =     0.000000;
  ak(2) =     2.000000; bk(2) =     0.000000;
  ak(3) =     3.270000; bk(3) =     0.000000;
  ak(4) =     4.758501; bk(4) =     0.000000;
  ak(5) =     6.600001; bk(5) =     0.000000;
  ak(6) =     8.934501; bk(6) =     0.000000;
  ak(7) =    11.970300; bk(7) =     0.000000;
  ak(8) =    15.949500; bk(8) =     0.000000;
  ak(9) =    21.134899; bk(9) =     0.000000;
 ak(10) =    27.852600; bk(10) =     0.000000;
 ak(11) =    36.504101; bk(11) =     0.000000;
 ak(12) =    47.580601; bk(12) =     0.000000;
 ak(13) =    61.677910; bk(13) =     0.000000;
 ak(14) =    79.513412; bk(14) =     0.000000;
 ak(15) =   101.944000; bk(15) =     0.000000;
 ak(16) =   130.050995; bk(16) =     0.000000;
 ak(17) =   165.078995; bk(17) =     0.000000;
 ak(18) =   208.496994; bk(18) =     0.000000;
 ak(19) =   262.020996; bk(19) =     0.000000;
 ak(20) =   327.643005; bk(20) =     0.000000;
 ak(21) =   407.657104; bk(21) =     0.000000;
 ak(22) =   504.680115; bk(22) =     0.000000;
 ak(23) =   621.680115; bk(23) =     0.000000;
 ak(24) =   761.984070; bk(24) =     0.000000;
 ak(25) =   929.294128; bk(25) =     0.000000;
 ak(26) =  1127.689941; bk(26) =     0.000000;
 ak(27) =  1364.339966; bk(27) =     0.000000;
 ak(28) =  1645.709961; bk(28) =     0.000000;
 ak(29) =  1979.160034; bk(29) =     0.000000;
 ak(30) =  2373.040039; bk(30) =     0.000000;
 ak(31) =  2836.780029; bk(31) =     0.000000;
 ak(32) =  3381.000000; bk(32) =     0.000000;
 ak(33) =  4017.541016; bk(33) =     0.000000;
 ak(34) =  4764.391113; bk(34) =     0.000000;
 ak(35) =  5638.791016; bk(35) =     0.000000;
 ak(36) =  6660.340820; bk(36) =     0.000000;
 ak(37) =  7851.230957; bk(37) =     0.000000;
 ak(38) =  9236.572266; bk(38) =     0.000000;
 ak(39) = 10866.299805; bk(39) =     0.000000;
 ak(40) = 12783.700195; bk(40) =     0.000000;
 ak(41) = 15039.299805; bk(41) =     0.000000;
 ak(42) = 17693.000000; bk(42) =     0.000000;
 ak(43) = 20119.199219; bk(43) =     0.006960;
 ak(44) = 21686.500000; bk(44) =     0.028010;
 ak(45) = 22436.300781; bk(45) =     0.063720;
 ak(46) = 22389.800781; bk(46) =     0.113602;
 ak(47) = 21877.589844; bk(47) =     0.156224;
 ak(48) = 21214.990234; bk(48) =     0.200350;
 ak(49) = 20325.890625; bk(49) =     0.246741;
 ak(50) = 19309.689453; bk(50) =     0.294403;
 ak(51) = 18161.890625; bk(51) =     0.343381;
 ak(52) = 16960.890625; bk(52) =     0.392891;
 ak(53) = 15625.990234; bk(53) =     0.443740;
 ak(54) = 14290.990234; bk(54) =     0.494590;
 ak(55) = 12869.589844; bk(55) =     0.546304;
 ak(56) = 11895.860352; bk(56) =     0.581041;
 ak(57) = 10918.169922; bk(57) =     0.615818;
 ak(58) =  9936.521484; bk(58) =     0.650634;
 ak(59) =  8909.992188; bk(59) =     0.685899;
 ak(60) =  7883.420898; bk(60) =     0.721165;
 ak(61) =  7062.198242; bk(61) =     0.749378;
 ak(62) =  6436.263184; bk(62) =     0.770637;
 ak(63) =  5805.320801; bk(63) =     0.791946;
 ak(64) =  5169.609863; bk(64) =     0.813303;
 ak(65) =  4533.899902; bk(65) =     0.834660;
 ak(66) =  3898.199951; bk(66) =     0.856018;
 ak(67) =  3257.080078; bk(67) =     0.877429;
 ak(68) =  2609.199951; bk(68) =     0.898908;
 ak(69) =  1961.310059; bk(69) =     0.920387;
 ak(70) =  1313.479980; bk(70) =     0.941865;
 ak(71) =   659.375183; bk(71) =     0.963406;
 ak(72) =     4.804825; bk(72) =     0.984951;
 ak(73) =     0.000000; bk(73) =     1.000000;