p_ref(1) = 0.0100;
p_ref(2) = 0.0200;
p_ref(3) = 0.0327;
p_ref(4) = 0.0476;
p_ref(5) = 0.0660;
p_ref(6) = 0.0893;
p_ref(7) = 0.1197;
p_ref(8) = 0.1595;
p_ref(9) = 0.2113;
p_ref(10) = 0.2785;
p_ref(11) = 0.3650;
p_ref(12) = 0.4758;
p_ref(13) = 0.6168;
p_ref(14) = 0.7951;
p_ref(15) = 1.0194;
p_ref(16) = 1.3005;
p_ref(17) = 1.6508;
p_ref(18) = 2.0850;
p_ref(19) = 2.6202;
p_ref(20) = 3.2764;
p_ref(21) = 4.0766;
p_ref(22) = 5.0468;
p_ref(23) = 6.2168;
p_ref(24) = 7.6198;
p_ref(25) = 9.2929;
p_ref(26) = 11.2769;
p_ref(27) = 13.6434;
p_ref(28) = 16.4571;
p_ref(29) = 19.7916;
p_ref(30) = 23.7304;
p_ref(31) = 28.3678;
p_ref(32) = 33.8100;
p_ref(33) = 40.1754;
p_ref(34) = 47.6439;
p_ref(35) = 56.3879;
p_ref(36) = 66.6034;
p_ref(37) = 78.5123;
p_ref(38) = 92.3657;
p_ref(39) = 108.6630;
p_ref(40) = 127.8370;
p_ref(41) = 150.3930;
p_ref(42) = 176.9300;
p_ref(43) = 208.1520;
p_ref(44) = 244.8751;
p_ref(45) = 288.0831;
p_ref(46) = 337.5001;
p_ref(47) = 375.0001;
p_ref(48) = 412.5001;
p_ref(49) = 450.0001;
p_ref(50) = 487.5001;
p_ref(51) = 525.0001;
p_ref(52) = 562.5001;
p_ref(53) = 600.0001;
p_ref(54) = 637.5001;
p_ref(55) = 675.0001;
p_ref(56) = 700.0001;
p_ref(57) = 725.0001;
p_ref(58) = 750.0002;
p_ref(59) = 774.9998;
p_ref(60) = 800.0002;
p_ref(61) = 820.0002;
p_ref(62) = 835.0001;
p_ref(63) = 850.0002;
p_ref(64) = 865.0001;
p_ref(65) = 880.0000;
p_ref(66) = 895.0000;
p_ref(67) = 909.9998;
p_ref(68) = 925.0000;
p_ref(69) = 940.0001;
p_ref(70) = 954.9998;
p_ref(71) = 969.9998;
p_ref(72) = 985.0000;
p_ref(73) = 1000.0000;